{"name":"hangar_objects","class":"SimGroup","persistentId":"17029564-32fd-4d34-8e45-2070182d82c6","__parent":"airport"}
{"name":"plane","class":"TSStatic","persistentId":"8947309f-fea7-4480-b73a-7685bf3995c9","__parent":"airport","position":[-308.025482,-542.095154,129.746231],"isRenderEnabled":false,"rotationMatrix":[1,0,0,0,0.997795522,-0.0663618594,0,0.0663618594,0.997795522],"shapeName":"/levels/utah2/art/shapes/buildings/airport_old_plane.dae"}
{"class":"Prefab","persistentId":"c227b46e-dd4a-4db6-a7c4-b94ee61dd783","__parent":"airport","position":[-298.512329,-543.831299,130.23291],"filename":"/levels/Utah2/art/prefabs/clutter_barrels_tarp_group.prefab.json","rotationMatrix":[-0.555153966,-0.831747174,0,0.831747174,-0.555153966,0,0,0,1]}
{"class":"Prefab","persistentId":"ea59da41-1beb-4e20-b897-725fc524e9e1","__parent":"airport","position":[-332.787842,-537.902527,130.272827],"filename":"/levels/Utah2/art/prefabs/clutter_barrels_tarp_group.prefab.json","rotationMatrix":[-0.555153966,-0.831747174,0,0.831747174,-0.555153966,0,0,0,1]}
{"class":"DecalRoad","persistentId":"1ff66f93-3513-44b6-943f-368898a6d5cf","__parent":"airport","position":[-149.978592,-581.575623,130.479736],"breakAngle":1,"decalBias":0.00150000001,"distanceFade":[200,100],"drivability":0.600000024,"improvedSpline":true,"material":"DirtRoad_variation_01","nodes":[[-149.978592,-581.575623,130.479736,10],[-187.605911,-576.150024,129.853241,10],[-223.50705,-571.052917,129.656509,10]],"renderPriority":18,"startEndFade":[50,50],"textureLength":160}
{"class":"DecalRoad","persistentId":"b0aac0b7-c146-4b6c-8f64-7223e3dbef0a","__parent":"airport","position":[-156.906708,-580.197021,130.306915],"breakAngle":1,"decalBias":0.00150000001,"distanceFade":[200,100],"drivability":0.600000024,"improvedSpline":true,"material":"DirtRoad_variation_01","nodes":[[-156.906708,-580.197021,130.306915,10],[-110.860092,-589.644897,131.828949,10],[-95.4007645,-592.660767,132.92337,10],[-70.8731995,-595.190979,135.749313,10]],"renderPriority":18,"startEndFade":[50,50],"textureLength":160}
{"class":"DecalRoad","persistentId":"c6e1edf4-6118-4b05-952b-04df2b456852","__parent":"airport","position":[-290.755981,-558.674438,129.668991],"breakAngle":1,"decalBias":0.00150000001,"distanceFade":[200,100],"drivability":0.600000024,"improvedSpline":true,"material":"DirtRoad_variation_01","nodes":[[-290.755981,-558.674438,129.668991,10],[-246.479172,-566.934326,129.687775,10],[-208.263382,-574.363342,129.672867,10]],"renderPriority":18,"startEndFade":[50,50],"textureLength":160}
{"name":"plane1","class":"TSStatic","persistentId":"97e3046d-d27c-4d78-af54-a0d4ab075caf","__parent":"airport","position":[789,-109,144],"isRenderEnabled":false,"rotationMatrix":[0.50034821,-0.865824223,1.86264515e-09,0.863915563,0.499245286,-0.0663618594,0.0574577078,0.0332040414,0.997795641],"shapeName":"/levels/utah2/art/shapes/buildings/airport_old_plane.dae"}
