{"pos":[454.265472,4.2278018,146.93187],"rotationMatrix":[-0.453573436,0.891219199,0,-0.891219199,-0.453573436,0,0,0,1],"scale":1.23725259,"type":"Juniper_tree_01"}
{"pos":[886.768677,780.924316,235.609894],"rotationMatrix":[0.818037271,0.575165153,0,-0.575165153,0.818037271,0,0,0,1],"scale":1.47578597,"type":"Juniper_tree_01"}
{"pos":[257.580902,691.402527,179.535797],"rotationMatrix":[0.576870561,-0.816835582,0,0.816835582,0.576870561,0,0,0,1],"scale":1.43853784,"type":"Juniper_tree_01"}
{"pos":[914.095764,620.075928,216.353745],"rotationMatrix":[0.133325562,0.991072297,0,-0.991072297,0.133325562,0,0,0,1],"scale":1.17094147,"type":"Juniper_tree_01"}
{"pos":[784.293335,687.079529,159.038651],"rotationMatrix":[0.999802649,-0.0198662244,0,0.0198662244,0.999802649,0,0,0,1],"scale":1.24234772,"type":"Juniper_tree_01"}
{"pos":[850.86731,643.388123,158.239716],"rotationMatrix":[-0.92378974,0.382900178,0,-0.382900178,-0.92378974,0,0,0,1],"scale":1.44417083,"type":"Juniper_tree_01"}
{"pos":[778.794128,626.358521,149.779419],"rotationMatrix":[0.272892267,-0.962044597,0,0.962044597,0.272892267,0,0,0,1],"scale":1.45471609,"type":"Juniper_tree_01"}
{"pos":[696.233032,603.722595,184.038727],"rotationMatrix":[0.968824029,0.24774982,0,-0.24774982,0.968824029,0,0,0,1],"scale":0.884504318,"type":"Juniper_tree_01"}
{"pos":[624.525146,566.608398,183.641785],"rotationMatrix":[0.770526767,-0.637407601,0,0.637407601,0.770526767,0,0,0,1],"scale":1.18293476,"type":"Juniper_tree_01"}
{"pos":[706.962708,491.228882,180.533783],"rotationMatrix":[-0.729741037,0.683723688,0,-0.683723688,-0.729741037,0,0,0,1],"scale":0.963872194,"type":"Juniper_tree_01"}
{"pos":[619.506409,298.196228,147.501816],"rotationMatrix":[-0.45524627,-0.890365541,0,0.890365541,-0.45524627,0,0,0,1],"scale":1.12427115,"type":"Juniper_tree_01"}
{"pos":[644.506531,303.901428,145.527313],"rotationMatrix":[0.993625402,0.11273241,0,-0.11273241,0.993625402,0,0,0,1],"scale":1.21454883,"type":"Juniper_tree_01"}
{"pos":[994.250854,623.139771,234.61264],"rotationMatrix":[0.480593473,0.876943529,0,-0.876943529,0.480593473,0,0,0,1],"scale":0.947813034,"type":"Juniper_tree_01"}
{"pos":[992.619934,650.260437,234.891968],"rotationMatrix":[-0.860402286,-0.509615421,0,0.509615421,-0.860402286,0,0,0,1],"scale":1.19326258,"type":"Juniper_tree_01"}
{"pos":[1002.52924,724.145752,235.157623],"rotationMatrix":[-0.997087836,0.0762614012,0,-0.0762614012,-0.997087836,0,0,0,1],"scale":0.923128664,"type":"Juniper_tree_01"}
{"pos":[999.267151,709.378967,235.058167],"rotationMatrix":[0.0202808343,-0.999794304,0,0.999794304,0.0202808343,0,0,0,1],"scale":1.17307723,"type":"Juniper_tree_01"}
{"pos":[976.549622,669.783325,234.509644],"rotationMatrix":[0.881727517,0.471759021,0,-0.471759021,0.881727517,0,0,0,1],"scale":1.16336787,"type":"Juniper_tree_01"}
{"pos":[974.215881,625.332703,234.447662],"rotationMatrix":[0.162852824,0.986650348,0,-0.986650348,0.162852824,0,0,0,1],"scale":1.35551476,"type":"Juniper_tree_01"}
{"pos":[783.308655,770.315491,173.140991],"rotationMatrix":[-0.486162931,-0.873868167,0,0.873868167,-0.486162931,0,0,0,1],"scale":1.10967541,"type":"Juniper_tree_01"}
{"pos":[835.243774,558.695312,142.657166],"rotationMatrix":[-0.804801285,-0.593544364,0,0.593544364,-0.804801285,0,0,0,1],"scale":1.00838709,"type":"Juniper_tree_01"}
{"pos":[808.266663,526.596069,145.747192],"rotationMatrix":[0.184685752,-0.982797623,0,0.982797623,0.184685752,0,0,0,1],"scale":1.21382308,"type":"Juniper_tree_01"}
{"pos":[604.643372,794.330688,179.707108],"rotationMatrix":[0.51955235,-0.854438603,0,0.854438603,0.51955235,0,0,0,1],"scale":0.800096452,"type":"Juniper_tree_01"}
{"pos":[799.660156,883.088013,203.804855],"rotationMatrix":[-0.996931076,0.0782840401,0,-0.0782840401,-0.996931076,0,0,0,1],"scale":0.874418736,"type":"Juniper_tree_01"}
{"pos":[128.618454,-460.900269,142.464966],"rotationMatrix":[-0.0133252209,-0.999911189,0,0.999911189,-0.0133252209,0,0,0,1],"scale":0.871523499,"type":"Juniper_tree_01"}
{"pos":[164.315079,-442.411224,141.73288],"rotationMatrix":[-0.616802514,-0.787117898,0,0.787117898,-0.616802514,0,0,0,1],"scale":1.29995251,"type":"Juniper_tree_01"}
{"pos":[127.248665,-476.086975,141.620697],"rotationMatrix":[0.524865866,-0.851184964,0,0.851184964,0.524865866,0,0,0,1],"scale":1.49304676,"type":"Juniper_tree_01"}
{"pos":[-0.475621223,-403.764343,141.841568],"rotationMatrix":[-0.256628394,-0.966510177,0,0.966510177,-0.256628394,0,0,0,1],"scale":1.00547719,"type":"Juniper_tree_01"}
{"pos":[21.3669357,-315.288177,139.671783],"rotationMatrix":[-0.0556410216,0.998450816,0,-0.998450816,-0.0556410216,0,0,0,1],"scale":0.844092786,"type":"Juniper_tree_01"}
{"pos":[243.51445,358.258698,178.225189],"rotationMatrix":[0.659653604,0.751569569,0,-0.751569569,0.659653604,0,0,0,1],"scale":1,"type":"Juniper_tree_01"}
{"pos":[200.439209,714.587524,232.367783],"rotationMatrix":[-0.923715472,-0.38307929,0,0.38307929,-0.923715472,0,0,0,1],"scale":1.48144901,"type":"Juniper_tree_01"}
{"pos":[-637.390381,-121.589417,224.320511],"rotationMatrix":[-0.47293222,0.88109982,0,-0.88109982,-0.47293222,0,0,0,1],"scale":1.34493709,"type":"Juniper_tree_01"}
{"pos":[-466.29541,304.222565,296.855804],"rotationMatrix":[-0.873383522,0.487035811,0,-0.487035811,-0.873383522,0,0,0,1],"scale":1.48226309,"type":"Juniper_tree_01"}
{"pos":[-384.511932,348.807373,296.88089],"rotationMatrix":[-0.494247347,0.869321465,0,-0.869321465,-0.494247347,0,0,0,1],"scale":1.33960426,"type":"Juniper_tree_01"}
{"pos":[-452.942108,248.239441,278.297852],"rotationMatrix":[0.802328587,-0.596882641,0,0.596882641,0.802328587,0,0,0,1],"scale":1.14709282,"type":"Juniper_tree_01"}
{"pos":[-337.078491,329.928009,267.937531],"rotationMatrix":[-0.673459053,-0.739224553,0,0.739224553,-0.673459053,0,0,0,1],"scale":1.47479832,"type":"Juniper_tree_01"}
{"pos":[-475.167358,179.649872,297.157349],"rotationMatrix":[-0.851022243,-0.521857381,0.0585124418,0.522583365,-0.85258162,-0.00333372876,0.0516263843,0.0277405921,0.998281181],"scale":1.43499064,"type":"Juniper_tree_01"}
{"pos":[-712.729797,157.396484,297.727844],"rotationMatrix":[-0.999919176,-0.0127158631,0,0.0127158631,-0.999919176,0,0,0,1],"scale":1.21431541,"type":"Juniper_tree_01"}
{"pos":[-682.541382,103.515564,297.132446],"rotationMatrix":[-0.617669404,0.786437869,0,-0.786437869,-0.617669404,0,0,0,1],"scale":1.01856005,"type":"Juniper_tree_01"}
{"pos":[-681.167603,132.597168,297.182373],"rotationMatrix":[0.90070051,-0.434440613,0,0.434440613,0.90070051,0,0,0,1],"scale":1.33656955,"type":"Juniper_tree_01"}
{"pos":[-614.234863,285.099396,298.774292],"rotationMatrix":[-0.993539274,0.113488816,0,-0.113488816,-0.993539274,0,0,0,1],"scale":1.04442477,"type":"Juniper_tree_01"}
{"pos":[-647.739319,360.119995,298.58136],"rotationMatrix":[-0.874201119,0.485563964,0,-0.485563964,-0.874201119,0,0,0,1],"scale":1.24885416,"type":"Juniper_tree_01"}
{"pos":[-559.396423,382.848358,297.696777],"rotationMatrix":[0.974559069,-0.224130929,0,0.224130929,0.974559069,0,0,0,1],"scale":1.02125502,"type":"Juniper_tree_01"}
{"pos":[-721.810608,445.582275,298.394684],"rotationMatrix":[-0.902763546,0.430137217,0,-0.430137217,-0.902763546,0,0,0,1],"scale":1.48590589,"type":"Juniper_tree_01"}
{"pos":[-693.422729,426.17749,297.713501],"rotationMatrix":[0.324933767,0.945736766,0,-0.945736766,0.324933767,0,0,0,1],"scale":1.44045949,"type":"Juniper_tree_01"}
{"pos":[-307.09494,370.00238,296.999207],"rotationMatrix":[0.983541369,-0.180683121,0,0.180683121,0.983541369,0,0,0,1],"scale":1.00367606,"type":"Juniper_tree_01"}
{"pos":[-246.7827,388.017303,297.096069],"rotationMatrix":[-0.737668157,0.675163448,0,-0.675163448,-0.737668157,0,0,0,1],"scale":1.38207686,"type":"Juniper_tree_01"}
{"pos":[-755.791321,14.0803776,296.705017],"rotationMatrix":[-0.126867309,0.991919696,0,-0.991919696,-0.126867309,0,0,0,1],"scale":1.39473653,"type":"Juniper_tree_01"}
{"pos":[-711.63562,-22.6884556,296.436462],"rotationMatrix":[0.954001606,-0.299801499,0,0.299801499,0.954001606,0,0,0,1],"scale":1.37515211,"type":"Juniper_tree_01"}
{"pos":[-676.873413,35.5511055,296.52652],"rotationMatrix":[0.834189713,-0.551477611,0,0.551477611,0.834189713,0,0,0,1],"scale":1.14302993,"type":"Juniper_tree_01"}
{"pos":[-686.627319,40.8917618,296.776306],"rotationMatrix":[-0.965310574,-0.261104316,0,0.261104316,-0.965310574,0,0,0,1],"scale":1.29237115,"type":"Juniper_tree_01"}
{"pos":[-669.621521,54.7062149,296.669647],"rotationMatrix":[-0.175694704,0.984444678,0,-0.984444678,-0.175694704,0,0,0,1],"scale":1.44291162,"type":"Juniper_tree_01"}
{"pos":[-651.851013,74.517868,296.848389],"rotationMatrix":[-0.140015602,0.990149319,0,-0.990149319,-0.140015602,0,0,0,1],"scale":1.26032448,"type":"Juniper_tree_01"}
{"pos":[-547.653442,760.050903,269.087982],"rotationMatrix":[0.628232121,0.778025985,0,-0.778025985,0.628232121,0,0,0,1],"scale":1.01406074,"type":"Juniper_tree_01"}
{"pos":[-550.77655,632.45752,225.826447],"rotationMatrix":[-0.00299386145,-0.99999553,0,0.99999553,-0.00299386145,0,0,0,1],"scale":1.23009455,"type":"Juniper_tree_01"}
{"pos":[10.8605042,-11.0750895,172.639252],"rotationMatrix":[-0.935130656,0.354303032,0,-0.354303032,-0.935130656,0,0,0,1],"scale":1.31792164,"type":"Juniper_tree_01"}
{"pos":[-83.487999,-26.1864491,174.047974],"rotationMatrix":[0.342127174,0.939653635,0,-0.939653635,0.342127174,0,0,0,1],"scale":1.09362996,"type":"Juniper_tree_01"}
{"pos":[-26.3747253,40.8649712,173.273621],"rotationMatrix":[-0.988212705,0.153087035,0,-0.153087035,-0.988212705,0,0,0,1],"scale":1.48655498,"type":"Juniper_tree_01"}
{"pos":[-214.807312,126.599625,183.337173],"rotationMatrix":[-0.663392603,-0.748271525,0,0.748271525,-0.663392603,0,0,0,1],"scale":1.41383052,"type":"Juniper_tree_01"}
{"pos":[736.9729,-447.078156,127.500351],"rotationMatrix":[-0.555326521,-0.831632435,0,0.831632435,-0.555326521,0,0,0,1],"scale":1.2759459,"type":"Juniper_tree_01"}
{"pos":[747.427795,-476.141602,126.693398],"rotationMatrix":[0.47470659,-0.880144119,0,0.880144119,0.47470659,0,0,0,1],"scale":1.37450075,"type":"Juniper_tree_01"}
{"pos":[717.210266,-546.254395,129.434143],"rotationMatrix":[-0.0462100282,0.998931766,0,-0.998931766,-0.0462100282,0,0,0,1],"scale":1.10105348,"type":"Juniper_tree_01"}
{"pos":[886.325867,363.553833,228.786087],"rotationMatrix":[0.972557008,-0.23266466,0,0.23266466,0.972557008,0,0,0,1],"scale":1.3970511,"type":"Juniper_tree_01"}
{"pos":[844.381958,371.350189,220.77623],"rotationMatrix":[-0.107353814,0.994220853,0,-0.994220853,-0.107353814,0,0,0,1],"scale":1.17329466,"type":"Juniper_tree_01"}
{"pos":[664.842163,-38.3961143,131.119644],"rotationMatrix":[-0.789138198,-0.614215672,0,0.614215672,-0.789138198,0,0,0,1],"scale":1.23736382,"type":"Juniper_tree_01"}
{"pos":[640.544983,59.7629128,133.044922],"rotationMatrix":[0.00535075879,-0.999985695,0,0.999985695,0.00535075879,0,0,0,1],"scale":1.4372623,"type":"Juniper_tree_01"}
{"pos":[623.449219,80.4833374,133.967041],"rotationMatrix":[-0.841059148,0.540943146,0,-0.540943146,-0.841059148,0,0,0,1],"scale":1.18530989,"type":"Juniper_tree_01"}
{"pos":[639.162659,-106.315491,131.504944],"rotationMatrix":[-0.933579743,-0.358369708,0,0.358369708,-0.933579743,0,0,0,1],"scale":1.48401833,"type":"Juniper_tree_01"}
{"pos":[480.195099,-158.960449,129.270615],"rotationMatrix":[0.848071516,-0.529881775,0,0.529881775,0.848071516,0,0,0,1],"scale":1.07550871,"type":"Juniper_tree_01"}
{"pos":[469.142059,-261.006348,129.386322],"rotationMatrix":[0.90724957,-0.420592695,0,0.420592695,0.90724957,0,0,0,1],"scale":1.33527958,"type":"Juniper_tree_01"}
{"pos":[451.326355,-242.64949,129.909088],"rotationMatrix":[0.597802699,-0.801643312,0,0.801643312,0.597802699,0,0,0,1],"scale":1.22742367,"type":"Juniper_tree_01"}
{"pos":[452.597015,-234.81955,129.757858],"rotationMatrix":[0.16955699,0.985520363,0,-0.985520363,0.16955699,0,0,0,1],"scale":1.13620257,"type":"Juniper_tree_01"}
{"pos":[451.932953,-230.648712,130.031158],"rotationMatrix":[0.996224642,-0.0868128389,0,0.0868128389,0.996224642,0,0,0,1],"scale":1.07780147,"type":"Juniper_tree_01"}
{"pos":[486.97876,-306.189453,128.387939],"rotationMatrix":[0.31736505,-0.948303461,0,0.948303461,0.31736505,0,0,0,1],"scale":1.06666553,"type":"Juniper_tree_01"}
{"pos":[665.508423,-277.285004,128.313126],"rotationMatrix":[0.989141107,-0.146968782,0,0.146968782,0.989141107,0,0,0,1],"scale":1.16039836,"type":"Juniper_tree_01"}
{"pos":[643.107422,-286.936646,127.852509],"rotationMatrix":[-0.369159251,0.929366171,0,-0.929366171,-0.369159251,0,0,0,1],"scale":1.39601707,"type":"Juniper_tree_01"}
{"pos":[708.381287,-324.155151,127.646225],"rotationMatrix":[-0.673278391,-0.739389062,0,0.739389062,-0.673278391,0,0,0,1],"scale":1.28175735,"type":"Juniper_tree_01"}
{"pos":[767.554077,-333.81427,127.838974],"rotationMatrix":[-0.397705317,-0.917513192,0,0.917513192,-0.397705317,0,0,0,1],"scale":1.14641166,"type":"Juniper_tree_01"}
{"pos":[754.1828,-358.83844,126.929489],"rotationMatrix":[-0.18252112,-0.983201921,0,0.983201921,-0.18252112,0,0,0,1],"scale":1.10980606,"type":"Juniper_tree_01"}
{"pos":[747.622742,-352.462158,126.870522],"rotationMatrix":[0.148035422,0.988982081,0,-0.988982081,0.148035422,0,0,0,1],"scale":1.36303568,"type":"Juniper_tree_01"}
{"pos":[801.30957,-399.799622,127.895767],"rotationMatrix":[0.610166311,0.792273343,0,-0.792273343,0.610166311,0,0,0,1],"scale":1.17725563,"type":"Juniper_tree_01"}
{"pos":[799.486206,-559.387268,126.301682],"rotationMatrix":[0.0646794587,-0.997906089,0,0.997906089,0.0646794587,0,0,0,1],"scale":1.36011994,"type":"Juniper_tree_01"}
{"pos":[793.975647,-547.503174,125.383087],"rotationMatrix":[-0.397089839,0.917779744,0,-0.917779744,-0.397089839,0,0,0,1],"scale":1.20200014,"type":"Juniper_tree_01"}
{"pos":[802.280396,-525.863525,125.520477],"rotationMatrix":[0.950158179,-0.311768204,0,0.311768204,0.950158179,0,0,0,1],"scale":1.39611685,"type":"Juniper_tree_01"}
{"pos":[803.588135,-519.107544,125.752441],"rotationMatrix":[0.145048693,0.989424527,0,-0.989424527,0.145048693,0,0,0,1],"scale":1.187392,"type":"Juniper_tree_01"}
{"pos":[664.216919,-630.622986,124.033768],"rotationMatrix":[0.974773526,-0.223196343,0,0.223196343,0.974773526,0,0,0,1],"scale":1.42470884,"type":"Juniper_tree_01"}
{"pos":[652.594055,-646.242554,123.86792],"rotationMatrix":[-0.995690644,-0.0927367061,0,0.0927367061,-0.995690644,0,0,0,1],"scale":1.15080726,"type":"Juniper_tree_01"}
{"pos":[649.907837,-646.978699,123.881935],"rotationMatrix":[0.691533864,0.722344041,0,-0.722344041,0.691533864,0,0,0,1],"scale":1.12823606,"type":"Juniper_tree_01"}
{"pos":[508.62738,-648.885437,122.029259],"rotationMatrix":[0.721114397,-0.692816019,0,0.692816019,0.721114397,0,0,0,1],"scale":1.04437399,"type":"Juniper_tree_01"}
{"pos":[510.86261,-620.103149,124.842171],"rotationMatrix":[0.693140507,-0.720802486,0,0.720802486,0.693140507,0,0,0,1],"scale":1.06653535,"type":"Juniper_tree_01"}
{"pos":[375.030029,-606.365662,118.138763],"rotationMatrix":[-0.887792766,0.460243464,0,-0.460243464,-0.887792766,0,0,0,1],"scale":1.1014545,"type":"Juniper_tree_01"}
{"pos":[365.363403,-598.582642,118.689087],"rotationMatrix":[0.186090827,0.982532561,0,-0.982532561,0.186090827,0,0,0,1],"scale":1.48937082,"type":"Juniper_tree_01"}
{"pos":[354.042847,-611.334534,117.830338],"rotationMatrix":[0.526383758,0.850247085,0,-0.850247085,0.526383758,0,0,0,1],"scale":1.44235802,"type":"Juniper_tree_01"}
{"pos":[344.978577,-621.191223,117.51384],"rotationMatrix":[-0.982381046,-0.186889008,0,0.186889008,-0.982381046,0,0,0,1],"scale":1.4790448,"type":"Juniper_tree_01"}
{"pos":[362.835663,-619.939514,117.490273],"rotationMatrix":[-0.721643329,-0.692265034,0,0.692265034,-0.721643329,0,0,0,1],"scale":1.19637036,"type":"Juniper_tree_01"}
{"pos":[263.075073,-654.10083,116.911552],"rotationMatrix":[0.784508526,0.620118022,0,-0.620118022,0.784508526,0,0,0,1],"scale":1.1227355,"type":"Juniper_tree_01"}
{"pos":[212.923233,-725.030212,116.319046],"rotationMatrix":[-0.399959624,0.916532755,0,-0.916532755,-0.399959624,0,0,0,1],"scale":1.20581388,"type":"Juniper_tree_01"}
{"pos":[223.766159,-714.784302,116.416031],"rotationMatrix":[0.2246162,0.97444731,0,-0.97444731,0.2246162,0,0,0,1],"scale":1.3962096,"type":"Juniper_tree_01"}
{"pos":[191.575943,-745.617249,115.700531],"rotationMatrix":[0.59035778,-0.807141662,0,0.807141662,0.59035778,0,0,0,1],"scale":1.16610658,"type":"Juniper_tree_01"}
{"pos":[151.301285,-898.602234,116.393082],"rotationMatrix":[0.951504648,-0.307634383,0,0.307634383,0.951504648,0,0,0,1],"scale":1.16370881,"type":"Juniper_tree_01"}
{"pos":[-23.0808716,-870.431152,113.663254],"rotationMatrix":[-0.0252199098,-0.99968195,0,0.99968195,-0.0252199098,0,0,0,1],"scale":1.32328415,"type":"Juniper_tree_01"}
{"pos":[-29.2516289,-828.153381,113.559853],"rotationMatrix":[0.950886071,-0.309541106,0,0.309541106,0.950886071,0,0,0,1],"scale":1.29465103,"type":"Juniper_tree_01"}
{"pos":[10.2263556,-845.06897,113.539536],"rotationMatrix":[0.849473596,-0.527631104,0,0.527631104,0.849473596,0,0,0,1],"scale":1.01387227,"type":"Juniper_tree_01"}
{"pos":[12.849844,-856.514099,113.924408],"rotationMatrix":[-0.646248102,0.763127387,0,-0.763127387,-0.646248102,0,0,0,1],"scale":1.32288742,"type":"Juniper_tree_01"}
{"pos":[71.4069672,-837.53949,114.941528],"rotationMatrix":[-0.19086121,-0.981617033,0,0.981617033,-0.19086121,0,0,0,1],"scale":1.3073343,"type":"Juniper_tree_01"}
{"pos":[108.964912,-846.583618,114.418762],"rotationMatrix":[0.880850255,0.47339496,0,-0.47339496,0.880850255,0,0,0,1],"scale":1.12636733,"type":"Juniper_tree_01"}
{"pos":[138.0793,-820.34137,115.228127],"rotationMatrix":[0.339190722,0.940717638,0,-0.940717638,0.339190722,0,0,0,1],"scale":1.30130124,"type":"Juniper_tree_01"}
{"pos":[155.204254,-754.990051,115.208267],"rotationMatrix":[0.875958622,0.482386202,0,-0.482386202,0.875958622,0,0,0,1],"scale":1.37352729,"type":"Juniper_tree_01"}
{"pos":[-63.0767937,-794.872192,113.570816],"rotationMatrix":[0.881771624,-0.471676558,0,0.471676558,0.881771624,0,0,0,1],"scale":1.16321909,"type":"Juniper_tree_01"}
{"pos":[-66.9434204,-788.845215,113.418564],"rotationMatrix":[-0.733285725,-0.679920614,0,0.679920614,-0.733285725,0,0,0,1],"scale":1.33553386,"type":"Juniper_tree_01"}
{"pos":[-132.090912,-770.761719,112.800018],"rotationMatrix":[0.893062711,0.449932188,0,-0.449932188,0.893062711,0,0,0,1],"scale":1.41573858,"type":"Juniper_tree_01"}
{"pos":[-202.189331,-714.101807,111.074738],"rotationMatrix":[-0.713910341,-0.700237095,0,0.700237095,-0.713910341,0,0,0,1],"scale":1.13258171,"type":"Juniper_tree_01"}
{"pos":[-173.044861,-687.005127,111.173798],"rotationMatrix":[-0.889314711,-0.457295656,0,0.457295656,-0.889314711,0,0,0,1],"scale":1.03733063,"type":"Juniper_tree_01"}
{"pos":[-172.619629,-679.879822,111.321075],"rotationMatrix":[0.228220835,0.973609388,0,-0.973609388,0.228220835,0,0,0,1],"scale":1.1891315,"type":"Juniper_tree_01"}
{"pos":[-145.404602,-692.450073,111.821373],"rotationMatrix":[0.0154104847,-0.999881268,0,0.999881268,0.0154104847,0,0,0,1],"scale":1.37856281,"type":"Juniper_tree_01"}
{"pos":[-323.670532,-665.232544,107.197479],"rotationMatrix":[0.479787469,0.877384722,0,-0.877384722,0.479787469,0,0,0,1],"scale":1.11884713,"type":"Juniper_tree_01"}
{"pos":[-331.554779,-665.929565,106.872993],"rotationMatrix":[0.972058415,0.234739155,0,-0.234739155,0.972058415,0,0,0,1],"scale":1.26680398,"type":"Juniper_tree_01"}
{"pos":[-352.791077,-700.557617,107.084763],"rotationMatrix":[-0.607734799,-0.794140041,0,0.794140041,-0.607734799,0,0,0,1],"scale":1.17273474,"type":"Juniper_tree_01"}
{"pos":[-340.477081,-687.619385,106.807358],"rotationMatrix":[0.850550234,0.525893807,0,-0.525893807,0.850550234,0,0,0,1],"scale":1.38192225,"type":"Juniper_tree_01"}
{"pos":[-376.677094,-719.120422,106.542099],"rotationMatrix":[0.0677790493,0.997700334,0,-0.997700334,0.0677790493,0,0,0,1],"scale":1.22406685,"type":"Juniper_tree_01"}
{"pos":[-469.138123,-702.422791,104.19664],"rotationMatrix":[0.478835255,-0.877904773,0,0.877904773,0.478835255,0,0,0,1],"scale":1.00499022,"type":"Juniper_tree_01"}
{"pos":[-466.695221,-724.741211,103.742081],"rotationMatrix":[-0.652721822,0.757597685,0,-0.757597685,-0.652721822,0,0,0,1],"scale":1.39352489,"type":"Juniper_tree_01"}
{"pos":[-556.550964,-744.448181,103.011429],"rotationMatrix":[0.955198407,0.295966148,0,-0.295966148,0.955198407,0,0,0,1],"scale":1.11946678,"type":"Juniper_tree_01"}
{"pos":[-559.277771,-745.917175,102.916351],"rotationMatrix":[0.418591231,-0.908174753,0,0.908174753,0.418591231,0,0,0,1],"scale":1.00052428,"type":"Juniper_tree_01"}
{"pos":[-383.183746,-768.601318,105.979462],"rotationMatrix":[0.886050165,-0.46358934,0,0.46358934,0.886050165,0,0,0,1],"scale":1.09826136,"type":"Juniper_tree_01"}
{"pos":[-378.847076,-782.302551,105.20253],"rotationMatrix":[0.609104574,0.793089926,0,-0.793089926,0.609104574,0,0,0,1],"scale":1.15569949,"type":"Juniper_tree_01"}
{"pos":[-387.223114,-758.30603,105.65213],"rotationMatrix":[0.715153754,0.698967218,0,-0.698967218,0.715153754,0,0,0,1],"scale":1.4707799,"type":"Juniper_tree_01"}
{"pos":[-334.909149,-724.989014,106.687126],"rotationMatrix":[-0.999597549,-0.0283688698,0,0.0283688698,-0.999597549,0,0,0,1],"scale":1.21026444,"type":"Juniper_tree_01"}
{"pos":[-488.055695,-778.31665,103.831863],"rotationMatrix":[0.266274989,-0.963897109,0,0.963897109,0.266274989,0,0,0,1],"scale":1.12207818,"type":"Juniper_tree_01"}
{"pos":[-597.392517,-755.187866,102.980209],"rotationMatrix":[-0.0818033516,0.99664849,0,-0.99664849,-0.0818033516,0,0,0,1],"scale":1.11608648,"type":"Juniper_tree_01"}
{"pos":[-633.762695,-767.562317,102.364853],"rotationMatrix":[-0.991459072,0.130417988,0,-0.130417988,-0.991459072,0,0,0,1],"scale":1.15631938,"type":"Juniper_tree_01"}
{"pos":[-664.960999,-800.639343,102.64415],"rotationMatrix":[-0.708907366,-0.705301583,0,0.705301583,-0.708907366,0,0,0,1],"scale":1.16413844,"type":"Juniper_tree_01"}
{"pos":[-673.442078,-782.039185,102.630966],"rotationMatrix":[-0.979878843,-0.19959335,0,0.19959335,-0.979878843,0,0,0,1],"scale":1.2624836,"type":"Juniper_tree_01"}
{"pos":[-679.579895,-815.836731,102.389206],"rotationMatrix":[0.975693762,0.219138429,0,-0.219138429,0.975693762,0,0,0,1],"scale":1.4338634,"type":"Juniper_tree_01"}
{"pos":[-694.08728,-833.222412,102.263199],"rotationMatrix":[0.48087737,0.876787841,0,-0.876787841,0.48087737,0,0,0,1],"scale":1.14844763,"type":"Juniper_tree_01"}
{"pos":[-686.814941,-815.835693,102.639526],"rotationMatrix":[-0.979308665,-0.202372178,0,0.202372178,-0.979308665,0,0,0,1],"scale":1.22443736,"type":"Juniper_tree_01"}
{"pos":[-724.169922,-819.232971,102.17598],"rotationMatrix":[0.936702669,0.350125819,0,-0.350125819,0.936702669,0,0,0,1],"scale":1.28021979,"type":"Juniper_tree_01"}
{"pos":[-742.40033,-817.090027,102.15152],"rotationMatrix":[-0.788294435,0.615298152,0,-0.615298152,-0.788294435,0,0,0,1],"scale":1.27806807,"type":"Juniper_tree_01"}
{"pos":[-773.41748,-809.630676,101.956223],"rotationMatrix":[-0.992591381,-0.121500351,0,0.121500351,-0.992591381,0,0,0,1],"scale":1.33654332,"type":"Juniper_tree_01"}
{"pos":[-775.882874,-800.100037,101.957901],"rotationMatrix":[-0.251847744,0.967766881,0,-0.967766881,-0.251847744,0,0,0,1],"scale":1.36874795,"type":"Juniper_tree_01"}
{"pos":[-754.963257,-828.16156,101.999222],"rotationMatrix":[0.968538344,0.248864397,0,-0.248864397,0.968538344,0,0,0,1],"scale":1.23247457,"type":"Juniper_tree_01"}
{"pos":[-874.604187,-765.794922,102.185791],"rotationMatrix":[-0.319772184,0.947494447,0,-0.947494447,-0.319772184,0,0,0,1],"scale":1.23388028,"type":"Juniper_tree_01"}
{"pos":[-865.684509,-792.408203,101.928932],"rotationMatrix":[0.645225406,0.76399225,0,-0.76399225,0.645225406,0,0,0,1],"scale":1.38287926,"type":"Juniper_tree_01"}
{"pos":[-970.718689,-765.389221,101.420792],"rotationMatrix":[0.992265344,-0.124135002,0,0.124135002,0.992265344,0,0,0,1],"scale":1.45491683,"type":"Juniper_tree_01"}
{"pos":[-947.332703,-753.952209,101.590042],"rotationMatrix":[0.98295182,-0.183863476,0,0.183863476,0.98295182,0,0,0,1],"scale":1.19817662,"type":"Juniper_tree_01"}
{"pos":[-637.916138,-843.452454,103.019211],"rotationMatrix":[-0.987351298,0.158547714,0,-0.158547714,-0.987351298,0,0,0,1],"scale":1.49719405,"type":"Juniper_tree_01"}
{"pos":[-610.236938,-111.4077,231.606277],"rotationMatrix":[0.0666771382,-0.997774601,0,0.997774601,0.0666771382,0,0,0,1],"scale":1.25805426,"type":"Juniper_tree_01"}
{"pos":[10.9407921,805.056763,244.481277],"rotationMatrix":[-0.943579197,-0.331146955,0,0.331146955,-0.943579197,0,0,0,1],"scale":1.23395801,"type":"Juniper_tree_01"}
{"pos":[-606.109924,496.093872,278.136475],"rotationMatrix":[0.999969304,-0.00783894956,0,0.00783894956,0.999969304,0,0,0,1],"scale":1.37401903,"type":"Juniper_tree_01"}
{"pos":[-617.743835,55.6991997,278.879944],"rotationMatrix":[0.0670268834,0.997751176,0,-0.997751176,0.0670268834,0,0,0,1],"scale":1.04412997,"type":"Juniper_tree_01"}
{"pos":[-622.482605,-947.974731,131.941315],"rotationMatrix":[-0.422909796,-0.906171799,0,0.906171799,-0.422909796,0,0,0,1],"scale":1.041924,"type":"Juniper_tree_01"}
{"pos":[-867.541626,-934.411743,138.763107],"rotationMatrix":[0.555871725,0.831268072,0,-0.831268072,0.555871725,0,0,0,1],"scale":1.36987841,"type":"Juniper_tree_01"}
{"pos":[239.61145,-519.860168,132.597809],"rotationMatrix":[-0.847085714,0.531456292,0,-0.531456292,-0.847085714,0,0,0,1],"scale":1.43586969,"type":"Juniper_tree_01"}
{"pos":[235.190765,-534.230347,132.287811],"rotationMatrix":[-0.61817795,-0.78603822,0,0.78603822,-0.61817795,0,0,0,1],"scale":1.11099041,"type":"Juniper_tree_01"}
{"pos":[379.672546,-406.867615,134.090759],"rotationMatrix":[-0.591846704,0.806050539,0,-0.806050539,-0.591846704,0,0,0,1],"scale":1.44008708,"type":"Juniper_tree_01"}
{"pos":[375.164459,-407.901093,134.115326],"rotationMatrix":[0.914453089,-0.404691845,0,0.404691845,0.914453089,0,0,0,1],"scale":1.46339333,"type":"Juniper_tree_01"}
{"pos":[533.940613,-592.104065,132.938248],"rotationMatrix":[-0.284346581,0.958721578,0,-0.958721578,-0.284346581,0,0,0,1],"scale":1.15956962,"type":"Juniper_tree_01"}
{"pos":[530.809631,-591.007141,133.067596],"rotationMatrix":[-0.610411227,-0.792084694,0,0.792084694,-0.610411227,0,0,0,1],"scale":1.47289813,"type":"Juniper_tree_01"}
{"pos":[-956.027527,-364.527649,275.951294],"rotationMatrix":[-0.875352204,0.483485848,0,-0.483485848,-0.875352204,0,0,0,1],"scale":1.4239558,"type":"Juniper_tree_01"}
{"pos":[-802.93158,-245.566559,255.141815],"rotationMatrix":[-0.287349164,0.957825899,0,-0.957825899,-0.287349164,0,0,0,1],"scale":1.2400111,"type":"Juniper_tree_01"}
{"pos":[623.480774,-476.35907,138.135529],"rotationMatrix":[-0.824901164,-0.56527698,0,0.56527698,-0.824901164,0,0,0,1],"scale":1.09903622,"type":"Juniper_tree_01"}
{"pos":[660.953796,-547.364258,139.205414],"rotationMatrix":[-0.680322886,0.73291266,0,-0.73291266,-0.680322886,0,0,0,1],"scale":1.4481982,"type":"Juniper_tree_01"}
{"pos":[646.44342,-533.002258,138.989227],"rotationMatrix":[-0.413541734,0.910485148,0,-0.910485148,-0.413541734,0,0,0,1],"scale":1.12089264,"type":"Juniper_tree_01"}
{"pos":[595.569702,-577.40448,135.192276],"rotationMatrix":[-0.731472611,0.681870818,0,-0.681870818,-0.731472611,0,0,0,1],"scale":1.42338216,"type":"Juniper_tree_01"}
{"pos":[-642.93927,345.205078,298.781189],"rotationMatrix":[0.999578476,0.0290332213,0,-0.0290332213,0.999578476,0,0,0,1],"scale":1.21558511,"type":"Juniper_tree_01"}
{"pos":[-447.031281,223.34726,266.510681],"rotationMatrix":[-0.942130387,0.335246682,0,-0.335246682,-0.942130387,0,0,0,1],"scale":1.21767783,"type":"Juniper_tree_01"}
{"pos":[-720.514587,273.536285,268.263031],"rotationMatrix":[-0.137773052,0.990463853,0,-0.990463853,-0.137773052,0,0,0,1],"scale":1.21946955,"type":"Juniper_tree_01"}
{"pos":[442.548859,-128.546219,134.699158],"rotationMatrix":[-0.9356969,-0.352542728,0.0136776306,0.333051234,-0.895427048,-0.295447767,0.116405129,-0.271894336,0.95526135],"scale":1.12618136,"type":"Juniper_tree_01"}
{"pos":[-975.109802,640.984802,277.512146],"rotationMatrix":[0.980160892,-0.198203504,0,0.198203504,0.980160892,0,0,0,1],"scale":1.01600921,"type":"Juniper_tree_01"}
{"pos":[-971.805847,627.235596,268.151886],"rotationMatrix":[0.15458101,0.987980127,0,-0.987980127,0.15458101,0,0,0,1],"scale":1.30615759,"type":"Juniper_tree_01"}
{"pos":[688.325745,-561.301208,139.808731],"rotationMatrix":[0.334291428,-0.942469776,0,0.942469776,0.334291428,0,0,0,1],"scale":1.3085376,"type":"Juniper_tree_01"}
{"pos":[517.572998,-497.387451,135.204559],"rotationMatrix":[-0.717028081,0.697043777,0,-0.697043777,-0.717028081,0,0,0,1],"scale":1.05806756,"type":"Juniper_tree_01"}
{"pos":[492.748169,-511.228973,135.174469],"rotationMatrix":[0.870149493,-0.492787808,0,0.492787808,0.870149493,0,0,0,1],"scale":1.44744694,"type":"Juniper_tree_01"}
{"pos":[-561.659485,-143.514359,229.239807],"rotationMatrix":[-0.887893975,-0.460047722,0,0.460047722,-0.887893975,0,0,0,1],"scale":1.04817343,"type":"Juniper_tree_01"}
{"pos":[-435.024933,-42.975029,232.633652],"rotationMatrix":[0.504558027,-0.86337781,0,0.86337781,0.504558027,0,0,0,1],"scale":1.30901718,"type":"Juniper_tree_01"}
{"pos":[109.188728,355.80957,230.69487],"rotationMatrix":[-0.0269780681,0.999636054,0,-0.999636054,-0.0269780681,0,0,0,1],"scale":1.00911427,"type":"Juniper_tree_01"}
{"pos":[906.099182,-270.310638,181.059784],"rotationMatrix":[0.441794544,0.897115171,0,-0.897115171,0.441794544,0,0,0,1],"scale":1.13935983,"type":"Juniper_tree_01"}
{"pos":[848.62915,411.260284,221.743469],"rotationMatrix":[0.870990872,-0.491299242,0,0.491299242,0.870990872,0,0,0,1],"scale":1.42925429,"type":"Juniper_tree_01"}
{"pos":[848.775879,404.547729,221.981628],"rotationMatrix":[0.854103386,-0.520103276,0,0.520103276,0.854103386,0,0,0,1],"scale":1.21859074,"type":"Juniper_tree_01"}
{"pos":[849.170959,325.756256,225.398285],"rotationMatrix":[-0.970699728,-0.240295678,0,0.240295678,-0.970699728,0,0,0,1],"scale":1.21279931,"type":"Juniper_tree_01"}
{"pos":[832.624939,364.97525,217.886124],"rotationMatrix":[0.99754107,-0.070084177,0,0.070084177,0.99754107,0,0,0,1],"scale":1.28888535,"type":"Juniper_tree_01"}
{"pos":[832.810791,352.093903,220.052444],"rotationMatrix":[-0.615804315,0.787899137,0,-0.787899137,-0.615804315,0,0,0,1],"scale":1.32966518,"type":"Juniper_tree_01"}
{"pos":[878.079285,-182.025085,148.584915],"rotationMatrix":[0.732141912,0.681152105,0,-0.681152105,0.732141912,0,0,0,1],"scale":1.00687551,"type":"Juniper_tree_01"}
{"pos":[871.153198,-177.384613,146.687195],"rotationMatrix":[0.581191838,0.813766599,0,-0.813766599,0.581191838,0,0,0,1],"scale":1.20124316,"type":"Juniper_tree_01"}
{"pos":[891.344055,-162.186905,157.894257],"rotationMatrix":[-0.81790185,-0.575357795,0,0.575357795,-0.81790185,0,0,0,1],"scale":1.37627435,"type":"Juniper_tree_01"}
{"pos":[859.35791,-112.984726,149.419159],"rotationMatrix":[-0.605059445,-0.796180308,0,0.796180308,-0.605059445,0,0,0,1],"scale":1.30094481,"type":"Juniper_tree_01"}
{"pos":[863.674744,-102.308495,150.477722],"rotationMatrix":[0.713047981,-0.701115251,0,0.701115251,0.713047981,0,0,0,1],"scale":1.43599761,"type":"Juniper_tree_01"}
{"pos":[848.576172,-147.894562,145.503082],"rotationMatrix":[0.801418543,0.59810394,0,-0.59810394,0.801418543,0,0,0,1],"scale":1.1252408,"type":"Juniper_tree_01"}
{"pos":[850.145447,-153.313705,146.998245],"rotationMatrix":[-0.379804999,0.92506659,0,-0.92506659,-0.379804999,0,0,0,1],"scale":1.4034276,"type":"Juniper_tree_01"}
{"pos":[785.306274,-218.52713,144.330521],"rotationMatrix":[-0.394595236,-0.918855071,0,0.918855071,-0.394595236,0,0,0,1],"scale":1.07613182,"type":"Juniper_tree_01"}
{"pos":[-1015.55487,-740.550171,101.476509],"rotationMatrix":[0.418292224,0.9083125,0,-0.9083125,0.418292224,0,0,0,1],"scale":1.99325919,"type":"Juniper_tree_01"}
{"pos":[-855.317932,-826.226868,102.469955],"rotationMatrix":[0.991597414,-0.129356265,0,0.129356265,0.991597414,0,0,0,1],"scale":1.17961407,"type":"Juniper_tree_01"}
{"pos":[694.07196,-178.75325,142.733032],"rotationMatrix":[-0.617719531,-0.78639859,0,0.78639859,-0.617719531,0,0,0,1],"scale":1.04692578,"type":"Juniper_tree_01"}
{"pos":[716.008606,-216.813385,144.204163],"rotationMatrix":[-0.999198854,-0.0400189906,0,0.0400189906,-0.999198854,0,0,0,1],"scale":1.3774302,"type":"Juniper_tree_01"}
{"pos":[703.469177,-164.69841,142.037506],"rotationMatrix":[0.600690544,0.79948175,0,-0.79948175,0.600690544,0,0,0,1],"scale":1.31146121,"type":"Juniper_tree_01"}
{"pos":[702.392761,-241.347778,144.230042],"rotationMatrix":[0.759008169,0.651081204,0,-0.651081204,0.759008169,0,0,0,1],"scale":1.18706512,"type":"Juniper_tree_01"}
{"pos":[745.84552,-232.791687,144.990356],"rotationMatrix":[-0.964308441,-0.264781564,0,0.264781564,-0.964308441,0,0,0,1],"scale":1.3573916,"type":"Juniper_tree_01"}
{"pos":[721.532837,-143.842606,142.891724],"rotationMatrix":[0.991636157,0.129064783,0,-0.129064783,0.991636157,0,0,0,1],"scale":1.26885462,"type":"Juniper_tree_01"}
{"pos":[520.92395,225.82135,155.222748],"rotationMatrix":[0.998689175,-0.0511833094,0,0.0511833094,0.998689175,0,0,0,1],"scale":1.31168842,"type":"Juniper_tree_01"}
{"pos":[512.136047,216.94429,157.948654],"rotationMatrix":[-0.875349402,-0.483273327,0.0144276544,0.479809105,-0.864626169,0.14900592,-0.0595361888,0.137355044,0.988731027],"scale":2.36044693,"type":"Juniper_tree_01"}
