{"pos":[974.050354,705.298096,234.75354],"rotationMatrix":[-0.394398868,0.918939352,0,-0.918939352,-0.394398868,0,0,0,1],"scale":1.12345433,"type":"Juniper_tree_02"}
{"pos":[991.397949,614.270203,234.658051],"rotationMatrix":[0.986294985,0.164991483,0,-0.164991483,0.986294985,0,0,0,1],"scale":1.43517566,"type":"Juniper_tree_02"}
{"pos":[1000.02997,656.702454,235.334381],"rotationMatrix":[-0.409901977,0.912129581,0,-0.912129581,-0.409901977,0,0,0,1],"scale":0.876468718,"type":"Juniper_tree_02"}
{"pos":[997.147034,659.501221,235.185699],"rotationMatrix":[-0.870557308,0.492067039,0,-0.492067039,-0.870557308,0,0,0,1],"scale":1.01431572,"type":"Juniper_tree_02"}
{"pos":[997.372498,692.381714,235.018555],"rotationMatrix":[-0.995269299,-0.0971545801,0,0.0971545801,-0.995269299,0,0,0,1],"scale":1.24420774,"type":"Juniper_tree_02"}
{"pos":[994.71991,675.670044,234.955902],"rotationMatrix":[0.258918941,0.96589905,0,-0.96589905,0.258918941,0,0,0,1],"scale":1.14093411,"type":"Juniper_tree_02"}
{"pos":[993.887512,672.050842,234.954468],"rotationMatrix":[-0.0319602787,0.999489129,0,-0.999489129,-0.0319602787,0,0,0,1],"scale":1.33554757,"type":"Juniper_tree_02"}
{"pos":[997.418701,664.976135,235.14299],"rotationMatrix":[-0.349717706,0.936855137,0,-0.936855137,-0.349717706,0,0,0,1],"scale":1.07481992,"type":"Juniper_tree_02"}
{"pos":[978.611084,679.56781,234.622162],"rotationMatrix":[-0.405100971,-0.914271951,0,0.914271951,-0.405100971,0,0,0,1],"scale":0.809958875,"type":"Juniper_tree_02"}
{"pos":[972.197327,648.002014,233.580841],"rotationMatrix":[-0.408882916,-0.912586868,0,0.912586868,-0.408882916,0,0,0,1],"scale":0.888318777,"type":"Juniper_tree_02"}
{"pos":[976.586365,629.505981,234.6642],"rotationMatrix":[0.998124838,-0.0612116009,0,0.0612116009,0.998124838,0,0,0,1],"scale":0.900153399,"type":"Juniper_tree_02"}
{"pos":[977.080688,626.125061,234.523117],"rotationMatrix":[-0.207429677,-0.978249907,0,0.978249907,-0.207429677,0,0,0,1],"scale":1.07513082,"type":"Juniper_tree_02"}
{"pos":[977.911438,620.53772,234.446182],"rotationMatrix":[-0.385135591,0.922860026,0,-0.922860026,-0.385135591,0,0,0,1],"scale":1.13843679,"type":"Juniper_tree_02"}
{"pos":[949.15332,737.92572,235.202728],"rotationMatrix":[0.956270278,0.292484373,0,-0.292484373,0.956270278,0,0,0,1],"scale":1.10648274,"type":"Juniper_tree_02"}
{"pos":[939.118286,752.200867,235.028519],"rotationMatrix":[-0.835600019,0.549338281,0,-0.549338281,-0.835600019,0,0,0,1],"scale":1.19187486,"type":"Juniper_tree_02"}
{"pos":[763.745178,664.456055,149.500168],"rotationMatrix":[-0.568456113,0.822713554,0,-0.822713554,-0.568456113,0,0,0,1],"scale":1.37036157,"type":"Juniper_tree_02"}
{"pos":[761.221497,666.32428,149.27655],"rotationMatrix":[0.478281021,-0.878206849,0,0.878206849,0.478281021,0,0,0,1],"scale":1.0917896,"type":"Juniper_tree_02"}
{"pos":[839.989685,605.860779,143.303421],"rotationMatrix":[0.663306296,0.748347998,0,-0.748347998,0.663306296,0,0,0,1],"scale":0.869287431,"type":"Juniper_tree_02"}
{"pos":[834.891296,585.910889,143.265656],"rotationMatrix":[0.428344041,0.903615713,0,-0.903615713,0.428344041,0,0,0,1],"scale":1.19848073,"type":"Juniper_tree_02"}
{"pos":[823.472046,523.06543,142.702667],"rotationMatrix":[0.984445155,-0.175692156,0,0.175692156,0.984445155,0,0,0,1],"scale":1.02831876,"type":"Juniper_tree_02"}
{"pos":[764.991272,549.5401,157.820908],"rotationMatrix":[0.968953311,-0.247243866,0,0.247243866,0.968953311,0,0,0,1],"scale":1.00449193,"type":"Juniper_tree_02"}
{"pos":[767.312805,483.977142,156.809143],"rotationMatrix":[-0.887372732,-0.461052746,0,0.461052746,-0.887372732,0,0,0,1],"scale":1.26044977,"type":"Juniper_tree_02"}
{"pos":[662.96344,766.430969,173.290649],"rotationMatrix":[-0.712089181,-0.702089012,0,0.702089012,-0.712089181,0,0,0,1],"scale":1.01937878,"type":"Juniper_tree_02"}
{"pos":[667.199219,757.169067,172.450836],"rotationMatrix":[-0.970907271,0.239455655,0,-0.239455655,-0.970907271,0,0,0,1],"scale":1.48216128,"type":"Juniper_tree_02"}
{"pos":[628.676758,796.56311,176.026276],"rotationMatrix":[-0.102876641,-0.994694114,0,0.994694114,-0.102876641,0,0,0,1],"scale":1.39293134,"type":"Juniper_tree_02"}
{"pos":[465.993683,144.558731,148.029968],"rotationMatrix":[0.127804682,-0.991799355,0,0.991799355,0.127804682,0,0,0,1],"scale":1.05601811,"type":"Juniper_tree_02"}
{"pos":[131.300018,-463.988129,142.27977],"rotationMatrix":[-0.926875174,-0.375369668,0,0.375369668,-0.926875174,0,0,0,1],"scale":1.04730284,"type":"Juniper_tree_02"}
{"pos":[135.635284,-464.983124,142.211334],"rotationMatrix":[0.980850101,-0.194764107,0,0.194764107,0.980850101,0,0,0,1],"scale":1.04701877,"type":"Juniper_tree_02"}
{"pos":[168.389099,-442.518921,141.882217],"rotationMatrix":[-0.565741062,0.824582934,0,-0.824582934,-0.565741062,0,0,0,1],"scale":1.24339271,"type":"Juniper_tree_02"}
{"pos":[175.518723,-434.758636,141.746368],"rotationMatrix":[0.990071595,0.140564039,0,-0.140564039,0.990071595,0,0,0,1],"scale":1.04578924,"type":"Juniper_tree_02"}
{"pos":[126.104736,-470.373077,142.152618],"rotationMatrix":[-0.999185145,0.040361017,0,-0.040361017,-0.999185145,0,0,0,1],"scale":0.80684036,"type":"Juniper_tree_02"}
{"pos":[128.787247,-469.452972,142.135315],"rotationMatrix":[0.296714991,-0.954966068,0,0.954966068,0.296714991,0,0,0,1],"scale":1.09734368,"type":"Juniper_tree_02"}
{"pos":[-3.81862831,-406.274384,142.083282],"rotationMatrix":[-0.600606441,-0.799544811,0,0.799544811,-0.600606441,0,0,0,1],"scale":1.44838023,"type":"Juniper_tree_02"}
{"pos":[2.71544552,-400.789917,142.01796],"rotationMatrix":[-0.631797671,-0.775133312,0,0.775133312,-0.631797671,0,0,0,1],"scale":1.2035377,"type":"Juniper_tree_02"}
{"pos":[18.0290813,-312.728943,139.798035],"rotationMatrix":[-0.850769937,0.525538266,0,-0.525538266,-0.850769937,0,0,0,1],"scale":0.976523757,"type":"Juniper_tree_02"}
{"pos":[-44.0596542,-314.700256,138.280334],"rotationMatrix":[-0.858362317,0.513044059,0,-0.513044059,-0.858362317,0,0,0,1],"scale":1.20719683,"type":"Juniper_tree_02"}
{"pos":[-142.346909,-351.440033,135.790955],"rotationMatrix":[0.965514123,-0.260350645,0,0.260350645,0.965514123,0,0,0,1],"scale":1.30974495,"type":"Juniper_tree_02"}
{"pos":[-122.026146,-351.088928,134.944214],"rotationMatrix":[-0.515889347,-0.85665524,0,0.85665524,-0.515889347,0,0,0,1],"scale":1.3588022,"type":"Juniper_tree_02"}
{"pos":[250.540482,645.002136,179.441132],"rotationMatrix":[-0.890525162,-0.454933971,0,0.454933971,-0.890525162,0,0,0,1],"scale":1.39689326,"type":"Juniper_tree_02"}
{"pos":[242.613434,676.485413,182.341949],"rotationMatrix":[0.981405437,0.164121136,0.0995346233,-0.163283393,0.986439705,-0.0165602826,-0.100902811,-1.00105471e-08,0.994896472],"scale":1.20039225,"type":"Juniper_tree_02"}
{"pos":[-446.46228,286.779633,296.780457],"rotationMatrix":[0.996403813,0.0847312585,0,-0.0847312585,0.996403813,0,0,0,1],"scale":1.22962618,"type":"Juniper_tree_02"}
{"pos":[-485.268341,267.412476,297.120422],"rotationMatrix":[-0.990439653,-0.137946531,0,0.137946531,-0.990439653,0,0,0,1],"scale":1.2405808,"type":"Juniper_tree_02"}
{"pos":[-424.25238,310.277954,296.834717],"rotationMatrix":[0.222183108,-0.975004971,0,0.975004971,0.222183108,0,0,0,1],"scale":1.41287971,"type":"Juniper_tree_02"}
{"pos":[-428.759552,271.812408,296.743225],"rotationMatrix":[0.985098839,-0.171989307,0,0.171989307,0.985098839,0,0,0,1],"scale":1.2149328,"type":"Juniper_tree_02"}
{"pos":[-370.789795,321.889984,296.996796],"rotationMatrix":[0.181683302,-0.983357072,0,0.983357072,0.181683302,0,0,0,1],"scale":1.37704337,"type":"Juniper_tree_02"}
{"pos":[-392.366791,341.485962,296.806122],"rotationMatrix":[-0.999953806,-0.00961399358,0,0.00961399358,-0.999953806,0,0,0,1],"scale":1.31819654,"type":"Juniper_tree_02"}
{"pos":[-458.050812,243.360275,278.490234],"rotationMatrix":[0.976554453,0.215270519,0,-0.215270519,0.976554453,0,0,0,1],"scale":1.06796098,"type":"Juniper_tree_02"}
{"pos":[-339.363281,388.685608,274.312683],"rotationMatrix":[-0.961592734,0.274480194,0,-0.274480194,-0.961592734,0,0,0,1],"scale":1.00087464,"type":"Juniper_tree_02"}
{"pos":[-193.266251,585.2099,241.907639],"rotationMatrix":[-0.0875604823,-0.996159196,0,0.996159196,-0.0875604823,0,0,0,1],"scale":1.21847081,"type":"Juniper_tree_02"}
{"pos":[-189.76593,589.507019,241.654907],"rotationMatrix":[-0.991591811,-0.12940532,0,0.12940532,-0.991591811,0,0,0,1],"scale":1.49999499,"type":"Juniper_tree_02"}
{"pos":[-575.24884,236.735046,298.916199],"rotationMatrix":[0.983353019,-0.18170552,0,0.18170552,0.983353019,0,0,0,1],"scale":1.17052627,"type":"Juniper_tree_02"}
{"pos":[-577.4104,258.114716,297.540466],"rotationMatrix":[0.674804986,-0.737996101,0,0.737996101,0.674804986,0,0,0,1],"scale":1.02529848,"type":"Juniper_tree_02"}
{"pos":[-593.503784,278.653442,297.752686],"rotationMatrix":[-0.658650339,0.752449155,0,-0.752449155,-0.658650339,0,0,0,1],"scale":1.48048329,"type":"Juniper_tree_02"}
{"pos":[-603.559875,148.992111,296.611359],"rotationMatrix":[-0.92189151,-0.387448102,0,0.387448102,-0.92189151,0,0,0,1],"scale":1.01202464,"type":"Juniper_tree_02"}
{"pos":[-721.669312,211.621155,297.48468],"rotationMatrix":[-0.941619456,-0.336678982,0,0.336678982,-0.941619456,0,0,0,1],"scale":1.36862922,"type":"Juniper_tree_02"}
{"pos":[-715.880737,163.453293,297.850861],"rotationMatrix":[0.414326161,-0.910128474,0,0.910128474,0.414326161,0,0,0,1],"scale":1.02579117,"type":"Juniper_tree_02"}
{"pos":[-736.104797,101.389847,296.876099],"rotationMatrix":[0.397341639,-0.917670786,0,0.917670786,0.397341639,0,0,0,1],"scale":1.33993948,"type":"Juniper_tree_02"}
{"pos":[-734.970154,68.8233643,296.72757],"rotationMatrix":[0.456619412,-0.889662147,0,0.889662147,0.456619412,0,0,0,1],"scale":1.25624824,"type":"Juniper_tree_02"}
{"pos":[-686.78595,143.056427,297.072906],"rotationMatrix":[0.887419999,-0.460961759,0,0.460961759,0.887419999,0,0,0,1],"scale":1.44822085,"type":"Juniper_tree_02"}
{"pos":[-681.725891,122.962013,297.329895],"rotationMatrix":[0.746227682,-0.665690839,0,0.665690839,0.746227682,0,0,0,1],"scale":1.41070831,"type":"Juniper_tree_02"}
{"pos":[-655.270447,299.832916,298.690338],"rotationMatrix":[-0.136801481,0.9905985,0,-0.9905985,-0.136801481,0,0,0,1],"scale":1.00878763,"type":"Juniper_tree_02"}
{"pos":[-623.284485,326.186829,299.103088],"rotationMatrix":[-0.566517353,0.824049771,0,-0.824049771,-0.566517353,0,0,0,1],"scale":1.25721836,"type":"Juniper_tree_02"}
{"pos":[-625.531677,329.242004,299.356262],"rotationMatrix":[-0.152279988,-0.988337398,0,0.988337398,-0.152279988,0,0,0,1],"scale":1.05127287,"type":"Juniper_tree_02"}
{"pos":[-613.247498,289.355225,298.879639],"rotationMatrix":[0.981666684,0.190605536,0,-0.190605536,0.981666684,0,0,0,1],"scale":1.26026273,"type":"Juniper_tree_02"}
{"pos":[-643.681763,293.416016,298.374969],"rotationMatrix":[0.831547022,-0.555454373,0,0.555454373,0.831547022,0,0,0,1],"scale":1.06862092,"type":"Juniper_tree_02"}
{"pos":[-637.496338,296.324585,298.946472],"rotationMatrix":[-0.778522313,-0.627616942,0,0.627616942,-0.778522313,0,0,0,1],"scale":1.36215401,"type":"Juniper_tree_02"}
{"pos":[-689.09491,336.04248,298.589233],"rotationMatrix":[-0.134482026,-0.990916014,0,0.990916014,-0.134482026,0,0,0,1],"scale":1.22716546,"type":"Juniper_tree_02"}
{"pos":[-673.798462,364.151855,298.206573],"rotationMatrix":[0.724599719,0.689169943,0,-0.689169943,0.724599719,0,0,0,1],"scale":1.28418398,"type":"Juniper_tree_02"}
{"pos":[-684.381287,357.338165,298.523193],"rotationMatrix":[0.869598448,-0.493759602,0,0.493759602,0.869598448,0,0,0,1],"scale":1.19675398,"type":"Juniper_tree_02"}
{"pos":[-644.328857,377.001038,298.113037],"rotationMatrix":[-0.991840363,0.12748605,0,-0.12748605,-0.991840363,0,0,0,1],"scale":1.47318125,"type":"Juniper_tree_02"}
{"pos":[-653.730652,352.87915,298.617828],"rotationMatrix":[-0.106031507,0.994362772,0,-0.994362772,-0.106031507,0,0,0,1],"scale":1.29117322,"type":"Juniper_tree_02"}
{"pos":[-554.078369,353.5672,297.673645],"rotationMatrix":[0.242509961,0.970148921,0,-0.970148921,0.242509961,0,0,0,1],"scale":1.24649096,"type":"Juniper_tree_02"}
{"pos":[-546.862427,326.077942,297.435577],"rotationMatrix":[-0.106701933,0.994291067,0,-0.994291067,-0.106701933,0,0,0,1],"scale":1.39951789,"type":"Juniper_tree_02"}
{"pos":[-542.09668,324.33197,297.492859],"rotationMatrix":[-0.964312971,-0.264764994,0,0.264764994,-0.964312971,0,0,0,1],"scale":1.25406098,"type":"Juniper_tree_02"}
{"pos":[-572.969666,330.141632,298.444611],"rotationMatrix":[-0.520898402,0.853618681,0,-0.853618681,-0.520898402,0,0,0,1],"scale":1.24999666,"type":"Juniper_tree_02"}
{"pos":[-593.874146,349.217926,298.309204],"rotationMatrix":[0.0678009316,0.997698843,0,-0.997698843,0.0678009316,0,0,0,1],"scale":1.4709847,"type":"Juniper_tree_02"}
{"pos":[-651.40271,403.565704,297.999115],"rotationMatrix":[-0.924251676,-0.381783724,0,0.381783724,-0.924251676,0,0,0,1],"scale":1.29665446,"type":"Juniper_tree_02"}
{"pos":[-634.736389,419.455688,297.75647],"rotationMatrix":[0.910619855,0.413245022,0,-0.413245022,0.910619855,0,0,0,1],"scale":1.47152305,"type":"Juniper_tree_02"}
{"pos":[-611.61908,417.833069,297.554688],"rotationMatrix":[-0.92855984,0.371182799,0,-0.371182799,-0.92855984,0,0,0,1],"scale":1.1132071,"type":"Juniper_tree_02"}
{"pos":[-591.702515,416.483124,297.657135],"rotationMatrix":[0.320722908,-0.947173059,0,0.947173059,0.320722908,0,0,0,1],"scale":1.28040028,"type":"Juniper_tree_02"}
{"pos":[-593.707031,419.556793,297.484772],"rotationMatrix":[0.559190154,-0.829039454,0,0.829039454,0.559190154,0,0,0,1],"scale":1.25836825,"type":"Juniper_tree_02"}
{"pos":[-587.366516,383.529449,297.568604],"rotationMatrix":[-0.0129114259,0.999916673,0,-0.999916673,-0.0129114259,0,0,0,1],"scale":1.42180002,"type":"Juniper_tree_02"}
{"pos":[-561.299072,456.370911,297.294739],"rotationMatrix":[-0.118987262,0.992895782,0,-0.992895782,-0.118987262,0,0,0,1],"scale":1.24255383,"type":"Juniper_tree_02"}
{"pos":[-564.257263,456.013733,297.262939],"rotationMatrix":[-0.743416071,-0.668829203,0,0.668829203,-0.743416071,0,0,0,1],"scale":1.18347466,"type":"Juniper_tree_02"}
{"pos":[-570.32312,450.319153,297.431427],"rotationMatrix":[0.0724353194,0.997373104,0,-0.997373104,0.0724353194,0,0,0,1],"scale":1.37264538,"type":"Juniper_tree_02"}
{"pos":[-570.288391,446.7229,297.60733],"rotationMatrix":[-0.889390349,-0.457148522,0,0.457148522,-0.889390349,0,0,0,1],"scale":1.21099627,"type":"Juniper_tree_02"}
{"pos":[-621.499695,466.341949,297.346436],"rotationMatrix":[0.990807414,-0.135279879,0,0.135279879,0.990807414,0,0,0,1],"scale":1.45428538,"type":"Juniper_tree_02"}
{"pos":[-595.941772,476.342834,297.142609],"rotationMatrix":[-0.929788053,-0.368095338,0,0.368095338,-0.929788053,0,0,0,1],"scale":1.31721282,"type":"Juniper_tree_02"}
{"pos":[-597.671326,450.96759,297.516296],"rotationMatrix":[-0.778217137,-0.627995312,0,0.627995312,-0.778217137,0,0,0,1],"scale":1.42889428,"type":"Juniper_tree_02"}
{"pos":[-596.958435,471.283478,297.391327],"rotationMatrix":[0.87520951,-0.483744115,0,0.483744115,0.87520951,0,0,0,1],"scale":1.42771661,"type":"Juniper_tree_02"}
{"pos":[-648.921814,453.466919,297.508789],"rotationMatrix":[-0.530973196,0.847388625,0,-0.847388625,-0.530973196,0,0,0,1],"scale":1.23507142,"type":"Juniper_tree_02"}
{"pos":[-673.480713,459.043945,297.590118],"rotationMatrix":[-0.65822053,-0.752825141,0,0.752825141,-0.65822053,0,0,0,1],"scale":1.03411055,"type":"Juniper_tree_02"}
{"pos":[-685.816956,466.196045,297.473145],"rotationMatrix":[-0.01083095,-0.999941349,0,0.999941349,-0.01083095,0,0,0,1],"scale":1.42452168,"type":"Juniper_tree_02"}
{"pos":[-707.287781,426.608948,298.33844],"rotationMatrix":[-0.366607487,0.930375695,0,-0.930375695,-0.366607487,0,0,0,1],"scale":1.44585848,"type":"Juniper_tree_02"}
{"pos":[-696.062317,423.924408,298.077271],"rotationMatrix":[0.999996543,-0.00263302424,0,0.00263302424,0.999996543,0,0,0,1],"scale":1.19441724,"type":"Juniper_tree_02"}
{"pos":[-662.153564,433.988708,297.680786],"rotationMatrix":[0.299171031,-0.954199493,0,0.954199493,0.299171031,0,0,0,1],"scale":1.27981281,"type":"Juniper_tree_02"}
{"pos":[-678.578369,445.645721,297.565613],"rotationMatrix":[0.87169826,-0.490042955,0,0.490042955,0.87169826,0,0,0,1],"scale":1.37850344,"type":"Juniper_tree_02"}
{"pos":[-546.742065,514.612915,297.049438],"rotationMatrix":[-0.992214799,-0.124538153,0,0.124538153,-0.992214799,0,0,0,1],"scale":1.16692042,"type":"Juniper_tree_02"}
{"pos":[-549.872742,497.926666,296.960693],"rotationMatrix":[0.926959515,-0.37516132,0,0.37516132,0.926959515,0,0,0,1],"scale":1.28611398,"type":"Juniper_tree_02"}
{"pos":[-562.383545,498.418213,297.083435],"rotationMatrix":[0.295210123,-0.955432355,0,0.955432355,0.295210123,0,0,0,1],"scale":1.30100608,"type":"Juniper_tree_02"}
{"pos":[-565.406433,498.722809,297.08017],"rotationMatrix":[0.502546072,0.864550412,0,-0.864550412,0.502546072,0,0,0,1],"scale":1.1561662,"type":"Juniper_tree_02"}
{"pos":[-506.197052,497.044006,296.948181],"rotationMatrix":[0.18215768,-0.983269334,0,0.983269334,0.18215768,0,0,0,1],"scale":1.39353204,"type":"Juniper_tree_02"}
{"pos":[-315.096802,395.555389,297.565491],"rotationMatrix":[-0.382352531,-0.924016535,0,0.924016535,-0.382352531,0,0,0,1],"scale":1.25591624,"type":"Juniper_tree_02"}
{"pos":[-296.366638,424.058472,297.036682],"rotationMatrix":[-0.103008851,-0.994680464,0,0.994680464,-0.103008851,0,0,0,1],"scale":1.44687915,"type":"Juniper_tree_02"}
{"pos":[-272.421265,402.062225,297.103333],"rotationMatrix":[0.305471361,0.952201247,0,-0.952201247,0.305471361,0,0,0,1],"scale":1.15484369,"type":"Juniper_tree_02"}
{"pos":[-210.272171,374.967682,297.034668],"rotationMatrix":[0.909029067,0.416732639,0,-0.416732639,0.909029067,0,0,0,1],"scale":1.40084827,"type":"Juniper_tree_02"}
{"pos":[-200.823471,407.855713,296.831665],"rotationMatrix":[-0.939148009,0.343512744,0,-0.343512744,-0.939148009,0,0,0,1],"scale":1.3212707,"type":"Juniper_tree_02"}
{"pos":[-730.346558,46.6616669,296.668884],"rotationMatrix":[0.174452975,0.984665513,0,-0.984665513,0.174452975,0,0,0,1],"scale":1.40224528,"type":"Juniper_tree_02"}
{"pos":[-737.331482,4.13620186,296.737793],"rotationMatrix":[0.999812782,-0.0193496477,0,0.0193496477,0.999812782,0,0,0,1],"scale":1.00548124,"type":"Juniper_tree_02"}
{"pos":[-666.181641,91.6525421,297.051056],"rotationMatrix":[-0.966201603,-0.257787734,0,0.257787734,-0.966201603,0,0,0,1],"scale":1.35591316,"type":"Juniper_tree_02"}
{"pos":[-643.665588,49.6528702,296.687347],"rotationMatrix":[-0.855427265,0.517922938,0,-0.517922938,-0.855427265,0,0,0,1],"scale":1.34356558,"type":"Juniper_tree_02"}
{"pos":[-583.061584,11.0583277,296.72995],"rotationMatrix":[0.932949901,0.360006183,0,-0.360006183,0.932949901,0,0,0,1],"scale":1.22429538,"type":"Juniper_tree_02"}
{"pos":[-593.662476,-6.95719147,296.466034],"rotationMatrix":[0.744773388,0.66731745,0,-0.66731745,0.744773388,0,0,0,1],"scale":1.36538911,"type":"Juniper_tree_02"}
{"pos":[-709.664124,713.236328,260.414032],"rotationMatrix":[0.652377963,-0.757893801,0,0.757893801,0.652377963,0,0,0,1],"scale":1.1640563,"type":"Juniper_tree_02"}
{"pos":[-601.506836,743.283569,262.147217],"rotationMatrix":[0.864839137,0.502049088,0,-0.502049088,0.864839137,0,0,0,1],"scale":1.44023764,"type":"Juniper_tree_02"}
{"pos":[-594.906372,748.822449,263.430634],"rotationMatrix":[-0.484742463,0.874656916,0,-0.874656916,-0.484742463,0,0,0,1],"scale":1.11479259,"type":"Juniper_tree_02"}
{"pos":[-552.422363,757.400452,268.502197],"rotationMatrix":[-0.0505891033,-0.998719573,0,0.998719573,-0.0505891033,0,0,0,1],"scale":1.43166173,"type":"Juniper_tree_02"}
{"pos":[-14.0589485,-3.01443458,173.132675],"rotationMatrix":[0.874787748,-0.484506398,0,0.484506398,0.874787748,0,0,0,1],"scale":1.29852915,"type":"Juniper_tree_02"}
{"pos":[-81.5701523,-12.435688,173.968811],"rotationMatrix":[-0.493551522,0.869716585,0,-0.869716585,-0.493551522,0,0,0,1],"scale":1.13048327,"type":"Juniper_tree_02"}
{"pos":[-75.914032,-10.9764748,173.822723],"rotationMatrix":[0.0908207148,-0.995867252,0,0.995867252,0.0908207148,0,0,0,1],"scale":1.20007133,"type":"Juniper_tree_02"}
{"pos":[-59.178463,-44.1144753,173.325043],"rotationMatrix":[-0.824506223,-0.56585288,0,0.56585288,-0.824506223,0,0,0,1],"scale":1.3101778,"type":"Juniper_tree_02"}
{"pos":[730.269104,-406.43045,128.18898],"rotationMatrix":[-0.683907628,-0.72956866,0,0.72956866,-0.683907628,0,0,0,1],"scale":1.17630649,"type":"Juniper_tree_02"}
{"pos":[737.193298,-433.670624,127.106743],"rotationMatrix":[-0.0483042747,-0.998832643,0,0.998832643,-0.0483042747,0,0,0,1],"scale":1.02256143,"type":"Juniper_tree_02"}
{"pos":[739.120972,-499.121063,127.607697],"rotationMatrix":[0.919667125,0.392698765,0,-0.392698765,0.919667125,0,0,0,1],"scale":1.04754114,"type":"Juniper_tree_02"}
{"pos":[717.582397,-566.849243,125.899094],"rotationMatrix":[0.995218515,0.0976731926,0,-0.0976731926,0.995218515,0,0,0,1],"scale":1.34006751,"type":"Juniper_tree_02"}
{"pos":[703.10553,-582.954651,126.677475],"rotationMatrix":[0.816184759,0.577790976,0,-0.577790976,0.816184759,0,0,0,1],"scale":1.26564288,"type":"Juniper_tree_02"}
{"pos":[690.346375,-605.787476,124.810043],"rotationMatrix":[-0.628661573,-0.777679026,0,0.777679026,-0.628661573,0,0,0,1],"scale":1.22072148,"type":"Juniper_tree_02"}
{"pos":[682.838318,-615.849487,124.393936],"rotationMatrix":[0.340596586,0.940209508,0,-0.940209508,0.340596586,0,0,0,1],"scale":1.07401097,"type":"Juniper_tree_02"}
{"pos":[268.435455,397.609222,172.480606],"rotationMatrix":[-0.982231081,0.18767561,0,-0.18767561,-0.982231081,0,0,0,1],"scale":1.33314681,"type":"Juniper_tree_02"}
{"pos":[937.633911,442.537048,228.072067],"rotationMatrix":[-0.247054651,0.969001532,0,-0.969001532,-0.247054651,0,0,0,1],"scale":1.29562783,"type":"Juniper_tree_02"}
{"pos":[655.57782,-53.9924583,131.484253],"rotationMatrix":[0.617521405,-0.786554098,0,0.786554098,0.617521405,0,0,0,1],"scale":1.41192734,"type":"Juniper_tree_02"}
{"pos":[667.483459,-16.9304504,131.295059],"rotationMatrix":[-0.432492644,-0.901637435,0,0.901637435,-0.432492644,0,0,0,1],"scale":1.49529815,"type":"Juniper_tree_02"}
{"pos":[668.286072,-2.55842113,131.629471],"rotationMatrix":[-0.412487328,0.910963356,0,-0.910963356,-0.412487328,0,0,0,1],"scale":1.0193615,"type":"Juniper_tree_02"}
{"pos":[654.821167,12.9760904,132.659149],"rotationMatrix":[-0.631643236,0.775259197,0,-0.775259197,-0.631643236,0,0,0,1],"scale":1.01800573,"type":"Juniper_tree_02"}
{"pos":[644.607483,59.5236664,133.1763],"rotationMatrix":[-0.339396179,-0.940643549,0,0.940643549,-0.339396179,0,0,0,1],"scale":1.27367711,"type":"Juniper_tree_02"}
{"pos":[617.766479,-62.3917618,132.521454],"rotationMatrix":[-0.234389171,-0.972142875,0,0.972142875,-0.234389171,0,0,0,1],"scale":1.08559942,"type":"Juniper_tree_02"}
{"pos":[632.366333,-19.7604179,132.819031],"rotationMatrix":[0.936101794,0.351729244,0,-0.351729244,0.936101794,0,0,0,1],"scale":1.11620963,"type":"Juniper_tree_02"}
{"pos":[631.174316,-102.083725,131.526917],"rotationMatrix":[0.975038469,0.222035959,0,-0.222035959,0.975038469,0,0,0,1],"scale":1.18546987,"type":"Juniper_tree_02"}
{"pos":[636.264221,-104.878845,131.436066],"rotationMatrix":[0.779442847,0.626473367,0,-0.626473367,0.779442847,0,0,0,1],"scale":1.42452776,"type":"Juniper_tree_02"}
{"pos":[639.370728,-102.614868,131.543427],"rotationMatrix":[0.949602127,-0.313457757,0,0.313457757,0.949602127,0,0,0,1],"scale":1.10620522,"type":"Juniper_tree_02"}
{"pos":[602.424805,-113.416489,130.838531],"rotationMatrix":[0.533361971,0.845887125,0,-0.845887125,0.533361971,0,0,0,1],"scale":1.2694037,"type":"Juniper_tree_02"}
{"pos":[606.631165,-116.22908,131.008347],"rotationMatrix":[0.976162076,0.217042923,0,-0.217042923,0.976162076,0,0,0,1],"scale":1.49909532,"type":"Juniper_tree_02"}
{"pos":[524.276306,-119.285095,129.105698],"rotationMatrix":[0.989554882,-0.14415659,0,0.14415659,0.989554882,0,0,0,1],"scale":1.10855865,"type":"Juniper_tree_02"}
{"pos":[568.190857,-119.621864,129.220444],"rotationMatrix":[-0.73722899,-0.675642967,0,0.675642967,-0.73722899,0,0,0,1],"scale":1.17454267,"type":"Juniper_tree_02"}
{"pos":[460.349609,-125.245743,130.296982],"rotationMatrix":[0.411509752,0.911405385,0,-0.911405385,0.411509752,0,0,0,1],"scale":1.40266871,"type":"Juniper_tree_02"}
{"pos":[453.878815,-140.803345,130.735916],"rotationMatrix":[0.600240707,-0.79981941,0,0.79981941,0.600240707,0,0,0,1],"scale":1.47066069,"type":"Juniper_tree_02"}
{"pos":[466.143616,-181.933884,128.951553],"rotationMatrix":[0.991819799,0.127646118,0,-0.127646118,0.991819799,0,0,0,1],"scale":1.28168988,"type":"Juniper_tree_02"}
{"pos":[475.667877,-164.02536,129.05423],"rotationMatrix":[0.107446112,-0.994210899,0,0.994210899,0.107446112,0,0,0,1],"scale":1.22820985,"type":"Juniper_tree_02"}
{"pos":[480.694916,-236.771759,129.442062],"rotationMatrix":[-0.595933974,0.803033412,0,-0.803033412,-0.595933974,0,0,0,1],"scale":1.00267982,"type":"Juniper_tree_02"}
{"pos":[465.165802,-258.992737,129.310364],"rotationMatrix":[0.358928651,0.933364987,0,-0.933364987,0.358928651,0,0,0,1],"scale":1.18430257,"type":"Juniper_tree_02"}
{"pos":[461.730194,-255.730988,129.337479],"rotationMatrix":[0.965314865,-0.261088431,0,0.261088431,0.965314865,0,0,0,1],"scale":1.05139887,"type":"Juniper_tree_02"}
{"pos":[499.963989,-316.00235,128.04425],"rotationMatrix":[-0.879441738,-0.476006538,0,0.476006538,-0.879441738,0,0,0,1],"scale":1.40014887,"type":"Juniper_tree_02"}
{"pos":[529.509033,-321.336945,127.853516],"rotationMatrix":[0.85438621,-0.519638479,0,0.519638479,0.85438621,0,0,0,1],"scale":1.15619028,"type":"Juniper_tree_02"}
{"pos":[570.581177,-269.28656,128.411667],"rotationMatrix":[-0.976028442,0.217643127,0,-0.217643127,-0.976028442,0,0,0,1],"scale":1.32734084,"type":"Juniper_tree_02"}
{"pos":[559.867615,-268.748993,128.331223],"rotationMatrix":[-0.390563995,0.920575798,0,-0.920575798,-0.390563995,0,0,0,1],"scale":1.00501132,"type":"Juniper_tree_02"}
{"pos":[548.95813,-271.090271,127.995056],"rotationMatrix":[0.992733061,-0.120337181,0,0.120337181,0.992733061,0,0,0,1],"scale":1.196105,"type":"Juniper_tree_02"}
{"pos":[539.18512,-259.063446,128.764557],"rotationMatrix":[-0.463023424,-0.886346042,0,0.886346042,-0.463023424,0,0,0,1],"scale":1.35752988,"type":"Juniper_tree_02"}
{"pos":[524.681946,-250.959656,129.955139],"rotationMatrix":[-0.712327421,0.701847315,0,-0.701847315,-0.712327421,0,0,0,1],"scale":1.04833174,"type":"Juniper_tree_02"}
{"pos":[591.153992,-348.442596,133.260559],"rotationMatrix":[0.931023896,0.364958197,0,-0.364958197,0.931023896,0,0,0,1],"scale":1.04537928,"type":"Juniper_tree_02"}
{"pos":[604.444031,-345.746826,134.330322],"rotationMatrix":[-0.985978723,0.166870996,0,-0.166870996,-0.985978723,0,0,0,1],"scale":1.49774575,"type":"Juniper_tree_02"}
{"pos":[625.277893,-317.045898,127.176094],"rotationMatrix":[-0.936395943,0.350945324,0,-0.350945324,-0.936395943,0,0,0,1],"scale":1.35976577,"type":"Juniper_tree_02"}
{"pos":[670.124146,-276.244995,128.17128],"rotationMatrix":[-0.908659995,-0.417536855,0,0.417536855,-0.908659995,0,0,0,1],"scale":1.07655632,"type":"Juniper_tree_02"}
{"pos":[664.204163,-274.622467,128.418518],"rotationMatrix":[0.00218344759,0.999997616,0,-0.999997616,0.00218344759,0,0,0,1],"scale":1.42589474,"type":"Juniper_tree_02"}
{"pos":[712.626648,-330.365295,127.104172],"rotationMatrix":[-0.0529025905,-0.998599648,0,0.998599648,-0.0529025905,0,0,0,1],"scale":1.00182986,"type":"Juniper_tree_02"}
{"pos":[739.074402,-310.972412,128.69046],"rotationMatrix":[0.528629899,-0.848852396,0,0.848852396,0.528629899,0,0,0,1],"scale":1.14110613,"type":"Juniper_tree_02"}
{"pos":[820.902344,-445.966888,126.414413],"rotationMatrix":[-0.749097168,-0.662460089,0,0.662460089,-0.749097168,0,0,0,1],"scale":1.21658158,"type":"Juniper_tree_02"}
{"pos":[821.969238,-433.911255,126.636337],"rotationMatrix":[0.763560355,-0.645736456,0,0.645736456,0.763560355,0,0,0,1],"scale":1.07465291,"type":"Juniper_tree_02"}
{"pos":[820.129517,-423.195465,126.467255],"rotationMatrix":[-0.695614338,0.71841538,0,-0.71841538,-0.695614338,0,0,0,1],"scale":1.15483522,"type":"Juniper_tree_02"}
{"pos":[821.015015,-419.953064,126.762268],"rotationMatrix":[-0.373038232,-0.927815974,0,0.927815974,-0.373038232,0,0,0,1],"scale":1.3505758,"type":"Juniper_tree_02"}
{"pos":[815.035706,-401.049652,127.044296],"rotationMatrix":[0.292802781,-0.956172884,0,0.956172884,0.292802781,0,0,0,1],"scale":1.18871379,"type":"Juniper_tree_02"}
{"pos":[801.010803,-446.096069,125.993935],"rotationMatrix":[0.245512947,0.969393313,0,-0.969393313,0.245512947,0,0,0,1],"scale":1.20930934,"type":"Juniper_tree_02"}
{"pos":[745.943726,-437.794769,126.472061],"rotationMatrix":[-0.837501287,0.546435297,0,-0.546435297,-0.837501287,0,0,0,1],"scale":1.22585368,"type":"Juniper_tree_02"}
{"pos":[798.226807,-570.526306,128.895294],"rotationMatrix":[0.241797671,-0.970326662,0,0.970326662,0.241797671,0,0,0,1],"scale":1.06790686,"type":"Juniper_tree_02"}
{"pos":[800.303772,-532.68042,125.499733],"rotationMatrix":[0.999972343,0.00743603194,0,-0.00743603194,0.999972343,0,0,0,1],"scale":1.43522084,"type":"Juniper_tree_02"}
{"pos":[782.969116,-533.241882,124.708786],"rotationMatrix":[0.719742239,-0.694241345,0,0.694241345,0.719742239,0,0,0,1],"scale":1.21267474,"type":"Juniper_tree_02"}
{"pos":[742.768311,-624.221252,124.43158],"rotationMatrix":[0.991386116,-0.130971581,0,0.130971581,0.991386116,0,0,0,1],"scale":1.27881062,"type":"Juniper_tree_02"}
{"pos":[737.48645,-635.56842,124.460007],"rotationMatrix":[0.179282576,-0.98379761,0,0.98379761,0.179282576,0,0,0,1],"scale":1.38701224,"type":"Juniper_tree_02"}
{"pos":[744.249451,-637.097717,124.705788],"rotationMatrix":[0.974324882,-0.225146651,0,0.225146651,0.974324882,0,0,0,1],"scale":1.0765959,"type":"Juniper_tree_02"}
{"pos":[563.209778,-660.223083,122.947617],"rotationMatrix":[0.777504861,0.628876925,0,-0.628876925,0.777504861,0,0,0,1],"scale":1.42092681,"type":"Juniper_tree_02"}
{"pos":[543.450317,-648.390503,122.464401],"rotationMatrix":[-0.912725389,-0.408573598,0,0.408573598,-0.912725389,0,0,0,1],"scale":1.30396295,"type":"Juniper_tree_02"}
{"pos":[507.762878,-645.803284,122.272453],"rotationMatrix":[-0.951963365,-0.306211948,0,0.306211948,-0.951963365,0,0,0,1],"scale":1.14486623,"type":"Juniper_tree_02"}
{"pos":[514.353882,-622.72522,124.401085],"rotationMatrix":[0.549997866,0.835166037,0,-0.835166037,0.549997866,0,0,0,1],"scale":1.15473175,"type":"Juniper_tree_02"}
{"pos":[496.180878,-609.248596,125.633255],"rotationMatrix":[0.557242095,-0.830350101,0,0.830350101,0.557242095,0,0,0,1],"scale":1.11351323,"type":"Juniper_tree_02"}
{"pos":[474.379089,-627.436462,121.888962],"rotationMatrix":[0.953756213,-0.300581276,0,0.300581276,0.953756213,0,0,0,1],"scale":1.23026061,"type":"Juniper_tree_02"}
{"pos":[467.650604,-618.554626,122.255905],"rotationMatrix":[0.697614431,-0.716473401,0,0.716473401,0.697614431,0,0,0,1],"scale":1.27275586,"type":"Juniper_tree_02"}
{"pos":[467.918091,-621.528137,122.077248],"rotationMatrix":[-0.863824368,0.50379312,0,-0.50379312,-0.863824368,0,0,0,1],"scale":1.35043883,"type":"Juniper_tree_02"}
{"pos":[357.325256,-603.73468,118.368828],"rotationMatrix":[0.288125515,0.957592666,0,-0.957592666,0.288125515,0,0,0,1],"scale":1.14903522,"type":"Juniper_tree_02"}
{"pos":[375.279694,-626.48999,117.384949],"rotationMatrix":[-0.326594621,-0.945164502,0,0.945164502,-0.326594621,0,0,0,1],"scale":1.02573526,"type":"Juniper_tree_02"}
{"pos":[302.244476,-638.85199,116.846878],"rotationMatrix":[0.0849037319,-0.996389151,0,0.996389151,0.0849037319,0,0,0,1],"scale":1.04642987,"type":"Juniper_tree_02"}
{"pos":[298.29068,-637.719727,116.962708],"rotationMatrix":[0.385799289,-0.922582746,0,0.922582746,0.385799289,0,0,0,1],"scale":1.22410202,"type":"Juniper_tree_02"}
{"pos":[290.282928,-639.36731,116.907303],"rotationMatrix":[0.313658327,-0.949535906,0,0.949535906,0.313658327,0,0,0,1],"scale":1.42369461,"type":"Juniper_tree_02"}
{"pos":[293.123962,-642.100098,116.681236],"rotationMatrix":[-0.857783079,0.514011919,0,-0.514011919,-0.857783079,0,0,0,1],"scale":1.12189436,"type":"Juniper_tree_02"}
{"pos":[234.539032,-703.948669,116.323929],"rotationMatrix":[0.994472086,-0.10500136,0,0.10500136,0.994472086,0,0,0,1],"scale":1.37220192,"type":"Juniper_tree_02"}
{"pos":[211.022125,-722.328918,116.252441],"rotationMatrix":[0.157767236,0.987476349,0,-0.987476349,0.157767236,0,0,0,1],"scale":1.35863149,"type":"Juniper_tree_02"}
{"pos":[177.975632,-790.642212,115.033058],"rotationMatrix":[-0.927849591,0.372954518,0,-0.372954518,-0.927849591,0,0,0,1],"scale":1.4917928,"type":"Juniper_tree_02"}
{"pos":[209.003983,-787.373779,116.792801],"rotationMatrix":[-0.997982204,0.0634942278,0,-0.0634942278,-0.997982204,0,0,0,1],"scale":1.11446619,"type":"Juniper_tree_02"}
{"pos":[221.89238,-750.010864,116.920525],"rotationMatrix":[-0.793238997,0.608910441,0,-0.608910441,-0.793238997,0,0,0,1],"scale":1.20428658,"type":"Juniper_tree_02"}
{"pos":[163.648407,-890.453796,116.232101],"rotationMatrix":[-0.999598444,0.0283371098,0,-0.0283371098,-0.999598444,0,0,0,1],"scale":1.28846157,"type":"Juniper_tree_02"}
{"pos":[173.313522,-889.899719,115.969025],"rotationMatrix":[-0.371814847,-0.928306937,0,0.928306937,-0.371814847,0,0,0,1],"scale":1.00728142,"type":"Juniper_tree_02"}
{"pos":[102.214386,-904.800598,114.879959],"rotationMatrix":[-0.292445958,-0.956282079,0,0.956282079,-0.292445958,0,0,0,1],"scale":1.38303876,"type":"Juniper_tree_02"}
{"pos":[9.87852859,-886.082031,114.155167],"rotationMatrix":[0.997220814,-0.0745030046,0,0.0745030046,0.997220814,0,0,0,1],"scale":1.42901611,"type":"Juniper_tree_02"}
{"pos":[-20.9268856,-878.391357,113.756317],"rotationMatrix":[-0.79582113,0.605531752,0,-0.605531752,-0.79582113,0,0,0,1],"scale":1.41737342,"type":"Juniper_tree_02"}
{"pos":[-18.0173893,-870.479431,113.635101],"rotationMatrix":[0.996197224,0.0871265754,0,-0.0871265754,0.996197224,0,0,0,1],"scale":1.05652642,"type":"Juniper_tree_02"}
{"pos":[15.4227829,-848.709229,113.761276],"rotationMatrix":[-0.942378283,-0.334549218,0,0.334549218,-0.942378283,0,0,0,1],"scale":1.26108527,"type":"Juniper_tree_02"}
{"pos":[80.4803238,-831.569336,117.178719],"rotationMatrix":[0.889287412,0.457348794,0,-0.457348794,0.889287412,0,0,0,1],"scale":1.4793663,"type":"Juniper_tree_02"}
{"pos":[109.575172,-841.08313,114.819077],"rotationMatrix":[-0.841530621,0.540209413,0,-0.540209413,-0.841530621,0,0,0,1],"scale":1.43158114,"type":"Juniper_tree_02"}
{"pos":[-101.873032,-798.213318,114.070747],"rotationMatrix":[-0.719213009,-0.694789648,0,0.694789648,-0.719213009,0,0,0,1],"scale":1.39139795,"type":"Juniper_tree_02"}
{"pos":[-126.945633,-765.981689,113.253326],"rotationMatrix":[-0.97511667,-0.221692204,0,0.221692204,-0.97511667,0,0,0,1],"scale":1.13863611,"type":"Juniper_tree_02"}
{"pos":[-158.584167,-752.957703,112.2033],"rotationMatrix":[-0.0834456682,0.996512353,0,-0.996512353,-0.0834456682,0,0,0,1],"scale":1.40480268,"type":"Juniper_tree_02"}
{"pos":[-199.777451,-742.844604,111.759369],"rotationMatrix":[0.868564129,-0.495576829,0,0.495576829,0.868564129,0,0,0,1],"scale":1.00975645,"type":"Juniper_tree_02"}
{"pos":[-184.589554,-719.861023,111.384125],"rotationMatrix":[-0.991755009,-0.128148213,0,0.128148213,-0.991755009,0,0,0,1],"scale":1.05085051,"type":"Juniper_tree_02"}
{"pos":[-215.357986,-711.539185,110.944565],"rotationMatrix":[0.68395853,-0.729520857,0,0.729520857,0.68395853,0,0,0,1],"scale":1.33149457,"type":"Juniper_tree_02"}
{"pos":[-208.452774,-719.670715,110.922699],"rotationMatrix":[-0.674852192,0.737952948,0,-0.737952948,-0.674852192,0,0,0,1],"scale":1.01326168,"type":"Juniper_tree_02"}
{"pos":[-231.130554,-652.401672,110.779427],"rotationMatrix":[0.563772678,-0.825929999,0,0.825929999,0.563772678,0,0,0,1],"scale":1.17017746,"type":"Juniper_tree_02"}
{"pos":[-205.720078,-653.669678,110.91024],"rotationMatrix":[-0.416501045,-0.909135222,0,0.909135222,-0.416501045,0,0,0,1],"scale":1.24643838,"type":"Juniper_tree_02"}
{"pos":[-218.725494,-669.363525,111.004623],"rotationMatrix":[0.71471715,-0.699413598,0,0.699413598,0.71471715,0,0,0,1],"scale":1.03772891,"type":"Juniper_tree_02"}
{"pos":[-366.810791,-699.948303,106.789223],"rotationMatrix":[0.965435147,-0.260643303,0,0.260643303,0.965435147,0,0,0,1],"scale":1.13646376,"type":"Juniper_tree_02"}
{"pos":[-359.62207,-680.989319,106.863693],"rotationMatrix":[0.540394247,-0.841411948,0,0.841411948,0.540394247,0,0,0,1],"scale":1.08272147,"type":"Juniper_tree_02"}
{"pos":[-468.229065,-712.023071,103.548767],"rotationMatrix":[-0.999557197,-0.0297551658,0,0.0297551658,-0.999557197,0,0,0,1],"scale":1.26717591,"type":"Juniper_tree_02"}
{"pos":[-487.492004,-712.556396,103.876129],"rotationMatrix":[0.999594808,0.0284641124,0,-0.0284641124,0.999594808,0,0,0,1],"scale":1.36943388,"type":"Juniper_tree_02"}
{"pos":[-493.130981,-742.805176,103.279312],"rotationMatrix":[0.995703936,-0.0925941467,0,0.0925941467,0.995703936,0,0,0,1],"scale":1.49472845,"type":"Juniper_tree_02"}
{"pos":[-532.633911,-708.103638,103.663414],"rotationMatrix":[0.669142842,-0.743133783,0,0.743133783,0.669142842,0,0,0,1],"scale":1.44749999,"type":"Juniper_tree_02"}
{"pos":[-512.400818,-731.159973,103.406387],"rotationMatrix":[0.959288478,0.282428116,0,-0.282428116,0.959288478,0,0,0,1],"scale":1.48219502,"type":"Juniper_tree_02"}
{"pos":[-583.207703,-744.121216,102.677689],"rotationMatrix":[0.968103111,0.250552028,0,-0.250552028,0.968103111,0,0,0,1],"scale":1.09621048,"type":"Juniper_tree_02"}
{"pos":[-566.566284,-731.715942,102.759476],"rotationMatrix":[-0.585169733,-0.810910821,0,0.810910821,-0.585169733,0,0,0,1],"scale":1.06622469,"type":"Juniper_tree_02"}
{"pos":[-611.05542,-743.833008,102.448677],"rotationMatrix":[-0.446146369,0.894959986,0,-0.894959986,-0.446146369,0,0,0,1],"scale":1.43513727,"type":"Juniper_tree_02"}
{"pos":[-639.162109,-755.178711,102.573616],"rotationMatrix":[0.607427716,-0.794374943,0,0.794374943,0.607427716,0,0,0,1],"scale":1.08549309,"type":"Juniper_tree_02"}
{"pos":[-623.201294,-743.664551,102.828201],"rotationMatrix":[0.992216825,-0.124522276,0,0.124522276,0.992216825,0,0,0,1],"scale":1.11391163,"type":"Juniper_tree_02"}
{"pos":[-638.793945,-760.820557,102.544647],"rotationMatrix":[-0.673977256,0.738752067,0,-0.738752067,-0.673977256,0,0,0,1],"scale":1.11690211,"type":"Juniper_tree_02"}
{"pos":[-638.903748,-744.918396,102.585938],"rotationMatrix":[-0.889655888,0.456631631,0,-0.456631631,-0.889655888,0,0,0,1],"scale":1.40592468,"type":"Juniper_tree_02"}
{"pos":[-428.776489,-776.822876,105.073875],"rotationMatrix":[-0.405415446,0.914132535,0,-0.914132535,-0.405415446,0,0,0,1],"scale":1.41939902,"type":"Juniper_tree_02"}
{"pos":[-412.717316,-784.308655,105.229523],"rotationMatrix":[0.286254227,0.958153725,0,-0.958153725,0.286254227,0,0,0,1],"scale":1.47421992,"type":"Juniper_tree_02"}
{"pos":[-408.719055,-769.620056,105.397301],"rotationMatrix":[0.98704201,0.160462156,0,-0.160462156,0.98704201,0,0,0,1],"scale":1.22439325,"type":"Juniper_tree_02"}
{"pos":[-366.856812,-762.098389,106.38559],"rotationMatrix":[0.721801996,-0.692099631,0,0.692099631,0.721801996,0,0,0,1],"scale":1.01996422,"type":"Juniper_tree_02"}
{"pos":[-346.10968,-751.12262,106.455276],"rotationMatrix":[0.197397903,-0.980323434,0,0.980323434,0.197397903,0,0,0,1],"scale":1.47116494,"type":"Juniper_tree_02"}
{"pos":[-353.128845,-744.020935,106.580826],"rotationMatrix":[-0.670148313,0.742227197,0,-0.742227197,-0.670148313,0,0,0,1],"scale":1.24305105,"type":"Juniper_tree_02"}
{"pos":[-366.676422,-756.052002,106.047455],"rotationMatrix":[0.714488506,0.699647188,0,-0.699647188,0.714488506,0,0,0,1],"scale":1.36583185,"type":"Juniper_tree_02"}
{"pos":[-366.58963,-767.347717,106.199875],"rotationMatrix":[0.732443571,0.680827737,0,-0.680827737,0.732443571,0,0,0,1],"scale":1.44197524,"type":"Juniper_tree_02"}
{"pos":[-340.22052,-731.370667,106.712166],"rotationMatrix":[0.865959764,-0.500113666,0,0.500113666,0.865959764,0,0,0,1],"scale":1.08488059,"type":"Juniper_tree_02"}
