{"pos":[-475.304871,270.987305,298.294342],"rotationMatrix":[0.188825607,0.982010663,0,-0.982010663,0.188825607,0,0,0,1],"scale":1,"type":"railing_span_metal"}
{"pos":[-474.929932,272.951843,298.294342],"rotationMatrix":[0.188825607,0.982010663,0,-0.982010663,0.188825607,0,0,0,1],"scale":1,"type":"railing_span_metal"}
{"pos":[-479.38028,273.801208,298.294342],"rotationMatrix":[0.188825607,0.982010663,0,-0.982010663,0.188825607,0,0,0,1],"scale":1,"type":"railing_span_metal"}
{"pos":[-479.755219,271.83667,298.294342],"rotationMatrix":[0.188825607,0.982010663,0,-0.982010663,0.188825607,0,0,0,1],"scale":1,"type":"railing_span_metal"}
{"pos":[-480.889496,265.937683,298.294342],"rotationMatrix":[0.188825607,0.982010663,0,-0.982010663,0.188825607,0,0,0,1],"scale":1,"type":"railing_span_metal"}
{"pos":[-480.514557,267.902222,298.294342],"rotationMatrix":[0.188825607,0.982010663,0,-0.982010663,0.188825607,0,0,0,1],"scale":1,"type":"railing_span_metal"}
{"pos":[-480.139618,269.86676,298.294342],"rotationMatrix":[0.188825607,0.982010663,0,-0.982010663,0.188825607,0,0,0,1],"scale":1,"type":"railing_span_metal"}
{"pos":[-475.68927,269.017395,298.294342],"rotationMatrix":[0.188825607,0.982010663,0,-0.982010663,0.188825607,0,0,0,1],"scale":1,"type":"railing_span_metal"}
{"pos":[-476.064209,267.052856,298.294342],"rotationMatrix":[0.188825607,0.982010663,0,-0.982010663,0.188825607,0,0,0,1],"scale":1,"type":"railing_span_metal"}
{"pos":[-476.439148,265.088318,298.294342],"rotationMatrix":[0.188825607,0.982010663,0,-0.982010663,0.188825607,0,0,0,1],"scale":1,"type":"railing_span_metal"}
{"pos":[-477.944824,257.264832,298.362732],"rotationMatrix":[0.188483417,0.979203582,-0.07506226,-0.982010603,0.188803852,-0.00286842883,0.0113632716,0.0742525905,0.99717474],"scale":1,"type":"railing_span_metal"}
{"pos":[-478.303375,255.402054,298.505524],"rotationMatrix":[0.188483417,0.979203582,-0.07506226,-0.982010603,0.188803852,-0.00286842883,0.0113632716,0.0742525905,0.99717474],"scale":1,"type":"railing_span_metal"}
{"pos":[-478.672211,253.485703,298.652466],"rotationMatrix":[0.188483417,0.979203582,-0.07506226,-0.982010603,0.188803852,-0.00286842883,0.0113632716,0.0742525905,0.99717474],"scale":1,"type":"railing_span_metal"}
{"pos":[-483.116119,254.371918,298.630188],"rotationMatrix":[0.188472211,0.979129791,-0.0760459006,-0.982010603,0.188803911,-0.00286842883,0.0115492009,0.0752184987,0.997100174],"scale":1,"type":"railing_span_metal"}
{"pos":[-482.766113,256.20462,298.487915],"rotationMatrix":[0.188472211,0.979129791,-0.0760459006,-0.982010603,0.188803911,-0.00286842883,0.0115492009,0.0752184987,0.997100174],"scale":1,"type":"railing_span_metal"}
{"pos":[-482.388062,258.124725,298.338715],"rotationMatrix":[0.188472211,0.979129791,-0.0760459006,-0.982010603,0.188803911,-0.00286842883,0.0115492009,0.0752184987,0.997100174],"scale":1,"type":"railing_span_metal"}
{"pos":[-496.469513,237.134888,299.278351],"rotationMatrix":[-0.188825607,-0.982010663,0,0.982010663,-0.188825607,0,0,0,1],"scale":1,"type":"railing_span_metal"}
{"pos":[-497.820526,230.108261,299.278351],"rotationMatrix":[-0.188825607,-0.982010663,0,0.982010663,-0.188825607,0,0,0,1],"scale":1,"type":"railing_span_metal"}
{"pos":[-480.202667,215.963608,299.208344],"rotationMatrix":[-0.189746976,0.979074478,0.0735476911,-0.981733322,-0.190262318,-1.11758709e-08,0.0139933396,-0.0722042173,0.997291684],"scale":1,"type":"railing_span_metal"}
{"pos":[-474.386993,216.021667,299.166565],"rotationMatrix":[-0.189746976,0.979074478,0.0735476911,-0.981733322,-0.190262318,-1.11758709e-08,0.0139933396,-0.0722042173,0.997291684],"scale":1,"type":"railing_span_metal"}
{"pos":[-473.99762,214.012711,299.015656],"rotationMatrix":[-0.189746976,0.979074478,0.0735476911,-0.981733322,-0.190262318,-1.11758709e-08,0.0139933396,-0.0722042173,0.997291684],"scale":1,"type":"railing_span_metal"}
{"pos":[-479.8255,214.017578,299.062164],"rotationMatrix":[-0.189746976,0.979074478,0.0735476911,-0.981733322,-0.190262318,-1.11758709e-08,0.0139933396,-0.0722042173,0.997291684],"scale":1,"type":"railing_span_metal"}
{"pos":[-479.454163,212.101685,298.918243],"rotationMatrix":[-0.189746976,0.979074478,0.0735476911,-0.981733322,-0.190262318,-1.11758709e-08,0.0139933396,-0.0722042173,0.997291684],"scale":1,"type":"railing_span_metal"}
{"pos":[-477.573669,259.18811,298.294342],"rotationMatrix":[0.188825607,0.982010663,0,-0.982010663,0.188825607,0,0,0,1],"scale":1,"type":"railing_span_metal"}
{"pos":[-477.19873,261.152649,298.294342],"rotationMatrix":[0.188825607,0.982010663,0,-0.982010663,0.188825607,0,0,0,1],"scale":1,"type":"railing_span_metal"}
{"pos":[-476.823792,263.117188,298.294342],"rotationMatrix":[0.188825607,0.982010663,0,-0.982010663,0.188825607,0,0,0,1],"scale":1,"type":"railing_span_metal"}
{"pos":[-480.1203,245.977356,299.228058],"rotationMatrix":[0.188483417,0.979203582,-0.07506226,-0.982010603,0.188803852,-0.00286842883,0.0113632716,0.0742525905,0.99717474],"scale":1,"type":"railing_span_metal"}
{"pos":[-479.771271,247.80513,299.087982],"rotationMatrix":[0.188483417,0.979203582,-0.07506226,-0.982010603,0.188803852,-0.00286842883,0.0113632716,0.0742525905,0.99717474],"scale":1,"type":"railing_span_metal"}
{"pos":[-479.010406,251.728821,298.78717],"rotationMatrix":[0.188483417,0.979203582,-0.07506226,-0.982010603,0.188803852,-0.00286842883,0.0113632716,0.0742525905,0.99717474],"scale":1,"type":"railing_span_metal"}
{"pos":[-479.387451,249.75528,298.938446],"rotationMatrix":[0.188483417,0.979203582,-0.07506226,-0.982010603,0.188803852,-0.00286842883,0.0113632716,0.0742525905,0.99717474],"scale":1,"type":"railing_span_metal"}
{"pos":[-482.881561,223.038879,299.278351],"rotationMatrix":[0.628660679,-0.777679741,0,0.777679741,0.628660679,0,0,0,1],"scale":1,"type":"railing_span_metal"}
{"pos":[-473.612335,212.024765,298.866333],"rotationMatrix":[-0.189746976,0.979074478,0.0735476911,-0.981733322,-0.190262318,-1.11758709e-08,0.0139933396,-0.0722042173,0.997291684],"scale":1,"type":"railing_span_metal"}
{"pos":[-478.705505,208.238968,298.628052],"rotationMatrix":[-0.189746976,0.979074478,0.0735476911,-0.981733322,-0.190262318,-1.11758709e-08,0.0139933396,-0.0722042173,0.997291684],"scale":1,"type":"railing_span_metal"}
{"pos":[-484.474243,169.400711,298.278046],"rotationMatrix":[0.827486038,-0.561486244,0,0.561486244,0.827486038,0,0,0,1],"scale":1,"type":"railing_span_metal"}
{"pos":[-486.130737,170.521484,298.278046],"rotationMatrix":[0.827486038,-0.561486244,0,0.561486244,0.827486038,0,0,0,1],"scale":1,"type":"railing_span_metal"}
{"pos":[-487.787231,171.64212,298.278046],"rotationMatrix":[0.827486038,-0.561486244,0,0.561486244,0.827486038,0,0,0,1],"scale":1,"type":"railing_span_metal"}
{"pos":[-489.287811,172.656982,298.278046],"rotationMatrix":[0.827486038,-0.561486244,0,0.561486244,0.827486038,0,0,0,1],"scale":1,"type":"railing_span_metal"}
{"pos":[-489.521027,174.045029,298.278046],"rotationMatrix":[-0.564537168,-0.825407624,0,0.825407624,-0.564537168,0,0,0,1],"scale":1,"type":"railing_span_metal"}
{"pos":[-488.908997,174.944626,298.278046],"rotationMatrix":[-0.564537168,-0.825407624,0,0.825407624,-0.564537168,0,0,0,1],"scale":1,"type":"railing_span_metal"}
{"pos":[-487.782257,176.597,298.278046],"rotationMatrix":[-0.564537168,-0.825407624,0,0.825407624,-0.564537168,0,0,0,1],"scale":1,"type":"railing_span_metal"}
{"pos":[-483.270264,183.213684,298.278046],"rotationMatrix":[-0.564537168,-0.825407624,0,0.825407624,-0.564537168,0,0,0,1],"scale":1,"type":"railing_span_metal"}
{"pos":[-484.397064,181.56131,298.278046],"rotationMatrix":[-0.564537168,-0.825407624,0,0.825407624,-0.564537168,0,0,0,1],"scale":1,"type":"railing_span_metal"}
{"pos":[-485.523804,179.908936,298.278046],"rotationMatrix":[-0.564537168,-0.825407624,0,0.825407624,-0.564537168,0,0,0,1],"scale":1,"type":"railing_span_metal"}
{"pos":[-486.650696,178.256577,298.278046],"rotationMatrix":[-0.564537168,-0.825407624,0,0.825407624,-0.564537168,0,0,0,1],"scale":1,"type":"railing_span_metal"}
{"pos":[-482.141205,184.864517,298.278046],"rotationMatrix":[-0.564537168,-0.825407624,0,0.825407624,-0.564537168,0,0,0,1],"scale":1,"type":"railing_span_metal"}
{"pos":[-476.507263,193.126389,298.278046],"rotationMatrix":[-0.564537168,-0.825407624,0,0.825407624,-0.564537168,0,0,0,1],"scale":1,"type":"railing_span_metal"}
{"pos":[-481.016693,186.518463,298.278046],"rotationMatrix":[-0.564537168,-0.825407624,0,0.825407624,-0.564537168,0,0,0,1],"scale":1,"type":"railing_span_metal"}
{"pos":[-479.889923,188.170776,298.278046],"rotationMatrix":[-0.564537168,-0.825407624,0,0.825407624,-0.564537168,0,0,0,1],"scale":1,"type":"railing_span_metal"}
{"pos":[-478.763062,189.823196,298.278046],"rotationMatrix":[-0.564537168,-0.825407624,0,0.825407624,-0.564537168,0,0,0,1],"scale":1,"type":"railing_span_metal"}
{"pos":[-477.636292,191.475525,298.278046],"rotationMatrix":[-0.564537168,-0.825407624,0,0.825407624,-0.564537168,0,0,0,1],"scale":1,"type":"railing_span_metal"}
{"pos":[-465.203003,168.923615,298.278046],"rotationMatrix":[-0.190262198,0.981733382,0,-0.981733382,-0.190262198,0,0,0,1],"scale":1,"type":"railing_span_metal"}
{"pos":[-465.567017,170.801743,298.278046],"rotationMatrix":[-0.190262198,0.981733382,0,-0.981733382,-0.190262198,0,0,0,1],"scale":1,"type":"railing_span_metal"}
{"pos":[-470.038788,168.253159,298.278046],"rotationMatrix":[0.999036431,-0.0438889228,0,0.0438889228,0.999036431,0,0,0,1],"scale":1,"type":"railing_span_metal"}
{"pos":[-468.040619,168.168137,298.278046],"rotationMatrix":[0.999036431,-0.0438889228,0,0.0438889228,0.999036431,0,0,0,1],"scale":1,"type":"railing_span_metal"}
{"pos":[-466.042389,168.08313,298.278046],"rotationMatrix":[0.999036431,-0.0438889228,0,0.0438889228,0.999036431,0,0,0,1],"scale":1,"type":"railing_span_metal"}
{"pos":[-472.036865,168.340912,298.278046],"rotationMatrix":[0.999036431,-0.0438889228,0,0.0438889228,0.999036431,0,0,0,1],"scale":1,"type":"railing_span_metal"}
{"pos":[-482.076447,168.768158,298.278046],"rotationMatrix":[0.999036431,-0.0438889228,0,0.0438889228,0.999036431,0,0,0,1],"scale":1,"type":"railing_span_metal"}
{"pos":[-474.035187,168.423172,298.278046],"rotationMatrix":[0.999036431,-0.0438889228,0,0.0438889228,0.999036431,0,0,0,1],"scale":1,"type":"railing_span_metal"}
{"pos":[-476.033325,168.50824,298.278046],"rotationMatrix":[0.999036431,-0.0438889228,0,0.0438889228,0.999036431,0,0,0,1],"scale":1,"type":"railing_span_metal"}
{"pos":[-478.031586,168.593216,298.278046],"rotationMatrix":[0.999036431,-0.0438889228,0,0.0438889228,0.999036431,0,0,0,1],"scale":1,"type":"railing_span_metal"}
{"pos":[-480.029755,168.678253,298.278046],"rotationMatrix":[0.999036431,-0.0438889228,0,0.0438889228,0.999036431,0,0,0,1],"scale":1,"type":"railing_span_metal"}
{"pos":[-477.998047,204.617645,298.355927],"rotationMatrix":[-0.189746976,0.979074478,0.0735476911,-0.981733322,-0.190262318,-1.11758709e-08,0.0139933396,-0.0722042173,0.997291684],"scale":1,"type":"railing_span_metal"}
{"pos":[-478.343719,206.38652,298.488831],"rotationMatrix":[-0.189746976,0.979074478,0.0735476911,-0.981733322,-0.190262318,-1.11758709e-08,0.0139933396,-0.0722042173,0.997291684],"scale":1,"type":"railing_span_metal"}
{"pos":[-479.075775,210.149353,298.771576],"rotationMatrix":[-0.189746976,0.979074478,0.0735476911,-0.981733322,-0.190262318,-1.11758709e-08,0.0139933396,-0.0722042173,0.997291684],"scale":1,"type":"railing_span_metal"}
{"pos":[-479.095795,177.064117,298.304321],"rotationMatrix":[-0.566135764,0.824311912,0,-0.824311912,-0.566135764,0,0,0,1],"scale":1,"type":"railing_span_metal"}
{"pos":[-473.518005,175.916489,298.278046],"rotationMatrix":[-0.999634981,0.0270119254,0,-0.0270119254,-0.999634981,0,0,0,1],"scale":1,"type":"railing_span_metal"}
{"pos":[-477.481171,176.017944,298.278046],"rotationMatrix":[-0.999634981,0.0270119254,0,-0.0270119254,-0.999634981,0,0,0,1],"scale":1,"type":"railing_span_metal"}
{"pos":[-475.481964,175.963959,298.278046],"rotationMatrix":[-0.999634981,0.0270119254,0,-0.0270119254,-0.999634981,0,0,0,1],"scale":1,"type":"railing_span_metal"}
{"pos":[-478.069,180.520264,298.278046],"rotationMatrix":[0.560574472,0.828104019,0,-0.828104019,0.560574472,0,0,0,1],"scale":1,"type":"railing_span_metal"}
{"pos":[-475.020416,185.033676,298.278046],"rotationMatrix":[0.560574472,0.828104019,0,-0.828104019,0.560574472,0,0,0,1],"scale":1,"type":"railing_span_metal"}
{"pos":[-475.828979,183.834198,298.278046],"rotationMatrix":[0.560574472,0.828104019,0,-0.828104019,0.560574472,0,0,0,1],"scale":1,"type":"railing_span_metal"}
{"pos":[-476.947906,182.176468,298.278046],"rotationMatrix":[0.560574472,0.828104019,0,-0.828104019,0.560574472,0,0,0,1],"scale":1,"type":"railing_span_metal"}
{"pos":[-479.185547,178.860916,298.278046],"rotationMatrix":[0.560574472,0.828104019,0,-0.828104019,0.560574472,0,0,0,1],"scale":1,"type":"railing_span_metal"}
{"pos":[-474.224426,184.820129,298.278046],"rotationMatrix":[0.188374162,-0.982097268,0,0.982097268,0.188374162,0,0,0,1],"scale":1,"type":"railing_span_metal"}
{"pos":[-473.459839,180.858826,298.278046],"rotationMatrix":[0.188374162,-0.982097268,0,0.982097268,0.188374162,0,0,0,1],"scale":1,"type":"railing_span_metal"}
{"pos":[-473.076416,178.874435,298.278046],"rotationMatrix":[0.188374162,-0.982097268,0,0.982097268,0.188374162,0,0,0,1],"scale":1,"type":"railing_span_metal"}
{"pos":[-472.692535,176.89238,298.278046],"rotationMatrix":[0.188374162,-0.982097268,0,0.982097268,0.188374162,0,0,0,1],"scale":1,"type":"railing_span_metal"}
{"pos":[-473.840546,182.84375,298.278046],"rotationMatrix":[0.188374162,-0.982097268,0,0.982097268,0.188374162,0,0,0,1],"scale":1,"type":"railing_span_metal"}
{"pos":[-477.24939,200.672119,298.278046],"rotationMatrix":[0.188374162,-0.982097268,0,0.982097268,0.188374162,0,0,0,1],"scale":1,"type":"railing_span_metal"}
{"pos":[-476.136749,194.900864,298.278046],"rotationMatrix":[0.188374162,-0.982097268,0,0.982097268,0.188374162,0,0,0,1],"scale":1,"type":"railing_span_metal"}
{"pos":[-476.492584,196.741135,298.278046],"rotationMatrix":[0.188374162,-0.982097268,0,0.982097268,0.188374162,0,0,0,1],"scale":1,"type":"railing_span_metal"}
{"pos":[-476.872009,198.704605,298.278046],"rotationMatrix":[0.188374162,-0.982097268,0,0.982097268,0.188374162,0,0,0,1],"scale":1,"type":"railing_span_metal"}
{"pos":[-477.632385,202.639587,298.278046],"rotationMatrix":[0.188374162,-0.982097268,0,0.982097268,0.188374162,0,0,0,1],"scale":1,"type":"railing_span_metal"}
{"pos":[-480.974762,219.948029,299.302582],"rotationMatrix":[0.188374162,-0.982097268,0,0.982097268,0.188374162,0,0,0,1],"scale":1,"type":"railing_span_metal"}
{"pos":[-480.590668,217.960083,299.302582],"rotationMatrix":[0.188374162,-0.982097268,0,0.982097268,0.188374162,0,0,0,1],"scale":1,"type":"railing_span_metal"}
{"pos":[-466.328217,174.700531,298.278046],"rotationMatrix":[-0.190262198,0.981733382,0,-0.981733382,-0.190262198,0,0,0,1],"scale":1,"type":"railing_span_metal"}
{"pos":[-466.711426,176.663452,298.278046],"rotationMatrix":[-0.190262198,0.981733382,0,-0.981733382,-0.190262198,0,0,0,1],"scale":1,"type":"railing_span_metal"}
{"pos":[-467.094696,178.626419,298.278046],"rotationMatrix":[-0.190262198,0.981733382,0,-0.981733382,-0.190262198,0,0,0,1],"scale":1,"type":"railing_span_metal"}
{"pos":[-467.477875,180.58934,298.278046],"rotationMatrix":[-0.190262198,0.981733382,0,-0.981733382,-0.190262198,0,0,0,1],"scale":1,"type":"railing_span_metal"}
{"pos":[-465.947662,172.737061,298.278046],"rotationMatrix":[-0.190262198,0.981733382,0,-0.981733382,-0.190262198,0,0,0,1],"scale":1,"type":"railing_span_metal"}
{"pos":[-467.863831,182.551758,298.278046],"rotationMatrix":[-0.190262198,0.981733382,0,-0.981733382,-0.190262198,0,0,0,1],"scale":1,"type":"railing_span_metal"}
{"pos":[-469.394043,190.404037,298.278046],"rotationMatrix":[-0.190262198,0.981733382,0,-0.981733382,-0.190262198,0,0,0,1],"scale":1,"type":"railing_span_metal"}
{"pos":[-469.010864,188.441116,298.278046],"rotationMatrix":[-0.190262198,0.981733382,0,-0.981733382,-0.190262198,0,0,0,1],"scale":1,"type":"railing_span_metal"}
{"pos":[-468.627594,186.478149,298.278046],"rotationMatrix":[-0.190262198,0.981733382,0,-0.981733382,-0.190262198,0,0,0,1],"scale":1,"type":"railing_span_metal"}
{"pos":[-468.244385,184.515228,298.278046],"rotationMatrix":[-0.190262198,0.981733382,0,-0.981733382,-0.190262198,0,0,0,1],"scale":1,"type":"railing_span_metal"}
{"pos":[-470.160553,194.329926,298.278046],"rotationMatrix":[-0.190262198,0.981733382,0,-0.981733382,-0.190262198,0,0,0,1],"scale":1,"type":"railing_span_metal"}
{"pos":[-470.543762,196.292847,298.278046],"rotationMatrix":[-0.190262198,0.981733382,0,-0.981733382,-0.190262198,0,0,0,1],"scale":1,"type":"railing_span_metal"}
{"pos":[-470.927032,198.255814,298.278046],"rotationMatrix":[-0.190262198,0.981733382,0,-0.981733382,-0.190262198,0,0,0,1],"scale":1,"type":"railing_span_metal"}
{"pos":[-471.310211,200.218735,298.278046],"rotationMatrix":[-0.190262198,0.981733382,0,-0.981733382,-0.190262198,0,0,0,1],"scale":1,"type":"railing_span_metal"}
{"pos":[-469.779999,192.366455,298.278046],"rotationMatrix":[-0.190262198,0.981733382,0,-0.981733382,-0.190262198,0,0,0,1],"scale":1,"type":"railing_span_metal"}
{"pos":[-471.696167,202.181152,298.278046],"rotationMatrix":[-0.190262198,0.981733382,0,-0.981733382,-0.190262198,0,0,0,1],"scale":1,"type":"railing_span_metal"}
{"pos":[-473.228149,210.042175,298.717407],"rotationMatrix":[-0.189746976,0.979074478,0.0735476911,-0.981733322,-0.190262318,-1.11758709e-08,0.0139933396,-0.0722042173,0.997291684],"scale":1,"type":"railing_span_metal"}
{"pos":[-472.841675,208.062576,298.568634],"rotationMatrix":[-0.189746976,0.979074478,0.0735476911,-0.981733322,-0.190262318,-1.11758709e-08,0.0139933396,-0.0722042173,0.997291684],"scale":1,"type":"railing_span_metal"}
{"pos":[-472.453339,206.073776,298.419189],"rotationMatrix":[-0.189746976,0.979074478,0.0735476911,-0.981733322,-0.190262318,-1.11758709e-08,0.0139933396,-0.0722042173,0.997291684],"scale":1,"type":"railing_span_metal"}
{"pos":[-472.076721,204.144623,298.278046],"rotationMatrix":[-0.190262198,0.981733382,0,-0.981733382,-0.190262198,0,0,0,1],"scale":1,"type":"railing_span_metal"}
{"pos":[-474.823547,218.216354,299.278351],"rotationMatrix":[-0.190262198,0.981733382,0,-0.981733382,-0.190262198,0,0,0,1],"scale":1,"type":"railing_span_metal"}
{"pos":[-475.141327,219.841812,299.278351],"rotationMatrix":[-0.190262198,0.981733382,0,-0.981733382,-0.190262198,0,0,0,1],"scale":1,"type":"railing_span_metal"}
{"pos":[-475.959351,221.611893,299.278351],"rotationMatrix":[-0.62866056,0.777679801,0,-0.777679801,-0.62866056,0,0,0,1],"scale":1,"type":"railing_span_metal"}
{"pos":[-480.995056,227.828125,299.278351],"rotationMatrix":[-0.62866056,0.777679801,0,-0.777679801,-0.62866056,0,0,0,1],"scale":1,"type":"railing_span_metal"}
{"pos":[-479.735626,226.274506,299.278351],"rotationMatrix":[-0.62866056,0.777679801,0,-0.777679801,-0.62866056,0,0,0,1],"scale":1,"type":"railing_span_metal"}
{"pos":[-478.476135,224.720871,299.278351],"rotationMatrix":[-0.62866056,0.777679801,0,-0.777679801,-0.62866056,0,0,0,1],"scale":1,"type":"railing_span_metal"}
{"pos":[-477.216675,223.167252,299.278351],"rotationMatrix":[-0.62866056,0.777679801,0,-0.777679801,-0.62866056,0,0,0,1],"scale":1,"type":"railing_span_metal"}
{"pos":[-481.609192,238.200302,299.278351],"rotationMatrix":[-0.188825607,-0.982010663,0,0.982010663,-0.188825607,0,0,0,1],"scale":1,"type":"railing_span_metal"}
{"pos":[-481.234253,240.164841,299.278351],"rotationMatrix":[-0.188825607,-0.982010663,0,0.982010663,-0.188825607,0,0,0,1],"scale":1,"type":"railing_span_metal"}
{"pos":[-480.859314,242.129379,299.278351],"rotationMatrix":[-0.188825607,-0.982010663,0,0.982010663,-0.188825607,0,0,0,1],"scale":1,"type":"railing_span_metal"}
{"pos":[-480.484375,244.093918,299.278351],"rotationMatrix":[-0.188825607,-0.982010663,0,0.982010663,-0.188825607,0,0,0,1],"scale":1,"type":"railing_span_metal"}
{"pos":[-481.994995,236.237839,299.278351],"rotationMatrix":[-0.188825607,-0.982010663,0,0.982010663,-0.188825607,0,0,0,1],"scale":1,"type":"railing_span_metal"}
{"pos":[-482.369934,234.2733,299.278351],"rotationMatrix":[-0.188825607,-0.982010663,0,0.982010663,-0.188825607,0,0,0,1],"scale":1,"type":"railing_span_metal"}
{"pos":[-487.322937,228.515579,299.278351],"rotationMatrix":[0.628660679,-0.777679741,0,0.777679741,0.628660679,0,0,0,1],"scale":1,"type":"railing_span_metal"}
{"pos":[-486.274536,227.223038,299.278351],"rotationMatrix":[0.628660679,-0.777679741,0,0.777679741,0.628660679,0,0,0,1],"scale":1,"type":"railing_span_metal"}
{"pos":[-485.09024,225.76239,299.278351],"rotationMatrix":[0.628660679,-0.777679741,0,0.777679741,0.628660679,0,0,0,1],"scale":1,"type":"railing_span_metal"}
{"pos":[-484.011169,224.431946,299.278351],"rotationMatrix":[0.628660679,-0.777679741,0,0.777679741,0.628660679,0,0,0,1],"scale":1,"type":"railing_span_metal"}
{"pos":[-481.807922,221.710754,299.278351],"rotationMatrix":[0.628660679,-0.777679741,0,0.777679741,0.628660679,0,0,0,1],"scale":1,"type":"railing_span_metal"}
{"pos":[-481.274139,263.966553,298.294342],"rotationMatrix":[0.188825607,0.982010663,0,-0.982010663,0.188825607,0,0,0,1],"scale":1,"type":"railing_span_metal"}
{"pos":[-481.649078,262.002014,298.294342],"rotationMatrix":[0.188825607,0.982010663,0,-0.982010663,0.188825607,0,0,0,1],"scale":1,"type":"railing_span_metal"}
{"pos":[-482.024017,260.037476,298.294342],"rotationMatrix":[0.188825607,0.982010663,0,-0.982010663,0.188825607,0,0,0,1],"scale":1,"type":"railing_span_metal"}
{"pos":[-483.847595,250.542252,298.927612],"rotationMatrix":[0.188472211,0.979129791,-0.0760459006,-0.982010603,0.188803911,-0.00286842883,0.0115492009,0.0752184987,0.997100174],"scale":1,"type":"railing_span_metal"}
{"pos":[-483.496338,252.381882,298.78476],"rotationMatrix":[0.188472211,0.979129791,-0.0760459006,-0.982010603,0.188803911,-0.00286842883,0.0115492009,0.0752184987,0.997100174],"scale":1,"type":"railing_span_metal"}
{"pos":[-484.225647,248.622131,299.076813],"rotationMatrix":[0.188472211,0.979129791,-0.0760459006,-0.982010603,0.188803911,-0.00286842883,0.0115492009,0.0752184987,0.997100174],"scale":1,"type":"railing_span_metal"}
{"pos":[-484.575653,246.789429,299.219086],"rotationMatrix":[0.188472211,0.979129791,-0.0760459006,-0.982010603,0.188803911,-0.00286842883,0.0115492009,0.0752184987,0.997100174],"scale":1,"type":"railing_span_metal"}
{"pos":[-484.951996,244.810394,299.278351],"rotationMatrix":[0.188825607,0.982010663,0,-0.982010663,0.188825607,0,0,0,1],"scale":1,"type":"railing_span_metal"}
{"pos":[-485.326935,242.845856,299.278351],"rotationMatrix":[0.188825607,0.982010663,0,-0.982010663,0.188825607,0,0,0,1],"scale":1,"type":"railing_span_metal"}
{"pos":[-486.814423,235.110184,299.278351],"rotationMatrix":[0.188825607,0.982010663,0,-0.982010663,0.188825607,0,0,0,1],"scale":1,"type":"railing_span_metal"}
{"pos":[-486.462616,236.954315,299.278351],"rotationMatrix":[0.188825607,0.982010663,0,-0.982010663,0.188825607,0,0,0,1],"scale":1,"type":"railing_span_metal"}
{"pos":[-486.087677,238.918854,299.278351],"rotationMatrix":[0.188825607,0.982010663,0,-0.982010663,0.188825607,0,0,0,1],"scale":1,"type":"railing_span_metal"}
{"pos":[-485.712738,240.883392,299.278351],"rotationMatrix":[0.188825607,0.982010663,0,-0.982010663,0.188825607,0,0,0,1],"scale":1,"type":"railing_span_metal"}
{"pos":[-487.962372,234.48642,299.278351],"rotationMatrix":[0.982010663,-0.188825622,0,0.188825622,0.982010663,0,0,0,1],"scale":1,"type":"railing_span_metal"}
{"pos":[-488.926025,229.437057,299.278351],"rotationMatrix":[0.982010663,-0.188825622,0,0.188825622,0.982010663,0,0,0,1],"scale":1,"type":"railing_span_metal"}
{"pos":[-490.890564,229.811996,299.278351],"rotationMatrix":[0.982010663,-0.188825622,0,0.188825622,0.982010663,0,0,0,1],"scale":1,"type":"railing_span_metal"}
{"pos":[-489.92691,234.861359,299.278351],"rotationMatrix":[0.982010663,-0.188825622,0,0.188825622,0.982010663,0,0,0,1],"scale":1,"type":"railing_span_metal"}
{"pos":[-491.891449,235.236298,299.278351],"rotationMatrix":[0.982010663,-0.188825622,0,0.188825622,0.982010663,0,0,0,1],"scale":1,"type":"railing_span_metal"}
{"pos":[-492.855103,230.186935,299.278351],"rotationMatrix":[0.982010663,-0.188825622,0,0.188825622,0.982010663,0,0,0,1],"scale":1,"type":"railing_span_metal"}
{"pos":[-494.819641,230.561874,299.278351],"rotationMatrix":[0.982010663,-0.188825622,0,0.188825622,0.982010663,0,0,0,1],"scale":1,"type":"railing_span_metal"}
{"pos":[-493.855988,235.611237,299.278351],"rotationMatrix":[0.982010663,-0.188825622,0,0.188825622,0.982010663,0,0,0,1],"scale":1,"type":"railing_span_metal"}
{"pos":[-495.820526,235.986176,299.278351],"rotationMatrix":[0.982010663,-0.188825622,0,0.188825622,0.982010663,0,0,0,1],"scale":1,"type":"railing_span_metal"}
{"pos":[-496.78418,230.936813,299.278351],"rotationMatrix":[0.982010663,-0.188825622,0,0.188825622,0.982010663,0,0,0,1],"scale":1,"type":"railing_span_metal"}
