{"pos":[-475.218353,272.057709,296.480804],"rotationMatrix":[0.187470794,0.982270122,0,-0.982270122,0.187470794,0,0,0,1],"scale":1,"type":"railing_post_metal"}
{"pos":[-474.843414,274.022247,296.480804],"rotationMatrix":[0.187470794,0.982270122,0,-0.982270122,0.187470794,0,0,0,1],"scale":1,"type":"railing_post_metal"}
{"pos":[-479.115051,274.837494,296.480804],"rotationMatrix":[0.187470794,0.982270122,0,-0.982270122,0.187470794,0,0,0,1],"scale":1,"type":"railing_post_metal"}
{"pos":[-479.48999,272.872955,296.480804],"rotationMatrix":[0.187470794,0.982270122,0,-0.982270122,0.187470794,0,0,0,1],"scale":1,"type":"railing_post_metal"}
{"pos":[-480.61615,266.972412,296.480804],"rotationMatrix":[0.187470794,0.982270122,0,-0.982270122,0.187470794,0,0,0,1],"scale":1,"type":"railing_post_metal"}
{"pos":[-480.241211,268.936951,296.480804],"rotationMatrix":[0.187470794,0.982270122,0,-0.982270122,0.187470794,0,0,0,1],"scale":1,"type":"railing_post_metal"}
{"pos":[-479.866272,270.901489,296.480804],"rotationMatrix":[0.187470794,0.982270122,0,-0.982270122,0.187470794,0,0,0,1],"scale":1,"type":"railing_post_metal"}
{"pos":[-475.594635,270.086243,296.480804],"rotationMatrix":[0.187470794,0.982270122,0,-0.982270122,0.187470794,0,0,0,1],"scale":1,"type":"railing_post_metal"}
{"pos":[-475.969574,268.121704,296.480804],"rotationMatrix":[0.187470794,0.982270122,0,-0.982270122,0.187470794,0,0,0,1],"scale":1,"type":"railing_post_metal"}
{"pos":[-476.344513,266.157166,296.480804],"rotationMatrix":[0.187470794,0.982270122,0,-0.982270122,0.187470794,0,0,0,1],"scale":1,"type":"railing_post_metal"}
{"pos":[-498.059906,229.226074,297.464813],"rotationMatrix":[0.982270122,-0.187471002,0,0.187471002,0.982270122,0,0,0,1],"scale":1,"type":"railing_post_metal"}
{"pos":[-496.376953,238.044159,297.464813],"rotationMatrix":[0.982270122,-0.187471002,0,0.187471002,0.982270122,0,0,0,1],"scale":1,"type":"railing_post_metal"}
{"pos":[-474.659424,217.010025,297.464813],"rotationMatrix":[-0.19161582,0.981469989,0,-0.981469989,-0.19161582,0,0,0,1],"scale":1,"type":"railing_post_metal"}
{"pos":[-480.713745,219.006485,297.464752],"rotationMatrix":[0.189727306,-0.981836796,0,0.981836796,0.189727306,0,0,0,1],"scale":1,"type":"railing_post_metal"}
{"pos":[-483.05835,168.887589,296.464508],"rotationMatrix":[0.999095976,-0.0425111949,0,0.0425111949,0.999095976,0,0,0,1],"scale":1,"type":"railing_post_metal"}
{"pos":[-478.653595,176.258957,296.464508],"rotationMatrix":[0.829219937,0.55892241,0,-0.55892241,0.829219937,0,0,0,1],"scale":1,"type":"railing_post_metal"}
{"pos":[-479.693817,177.766632,296.464508],"rotationMatrix":[0.829219937,0.55892241,0,-0.55892241,0.829219937,0,0,0,1],"scale":1,"type":"railing_post_metal"}
{"pos":[-478.231628,256.3284,296.559631],"rotationMatrix":[0.187470794,0.982270122,0,-0.982270122,0.187470794,0,0,0,1],"scale":1,"type":"railing_post_metal"}
{"pos":[-478.606567,254.363861,296.717285],"rotationMatrix":[0.187470794,0.982270122,0,-0.982270122,0.187470794,0,0,0,1],"scale":1,"type":"railing_post_metal"}
{"pos":[-478.963684,252.487106,296.848694],"rotationMatrix":[0.187470794,0.982270122,0,-0.982270122,0.187470794,0,0,0,1],"scale":1,"type":"railing_post_metal"}
{"pos":[-477.845825,258.290863,296.480804],"rotationMatrix":[0.187470794,0.982270122,0,-0.982270122,0.187470794,0,0,0,1],"scale":1,"type":"railing_post_metal"}
{"pos":[-477.470886,260.255402,296.480804],"rotationMatrix":[0.187470794,0.982270122,0,-0.982270122,0.187470794,0,0,0,1],"scale":1,"type":"railing_post_metal"}
{"pos":[-477.095947,262.21994,296.480804],"rotationMatrix":[0.187470794,0.982270122,0,-0.982270122,0.187470794,0,0,0,1],"scale":1,"type":"railing_post_metal"}
{"pos":[-476.721008,264.184479,296.480804],"rotationMatrix":[0.187470794,0.982270122,0,-0.982270122,0.187470794,0,0,0,1],"scale":1,"type":"railing_post_metal"}
{"pos":[-480.046356,246.792435,297.237091],"rotationMatrix":[0.187470794,0.982270122,0,-0.982270122,0.187470794,0,0,0,1],"scale":1,"type":"railing_post_metal"}
{"pos":[-479.671417,248.756973,297.150757],"rotationMatrix":[0.187470794,0.982270122,0,-0.982270122,0.187470794,0,0,0,1],"scale":1,"type":"railing_post_metal"}
{"pos":[-479.285614,250.719437,296.992859],"rotationMatrix":[0.187470794,0.982270122,0,-0.982270122,0.187470794,0,0,0,1],"scale":1,"type":"railing_post_metal"}
{"pos":[-475.378815,220.638657,297.464813],"rotationMatrix":[-0.19161582,0.981469989,0,-0.981469989,-0.19161582,0,0,0,1],"scale":1,"type":"railing_post_metal"}
{"pos":[-485.201477,169.989792,296.464508],"rotationMatrix":[0.828259706,-0.560344458,0,0.560344458,0.828259706,0,0,0,1],"scale":1,"type":"railing_post_metal"}
{"pos":[-486.858002,171.110489,296.464508],"rotationMatrix":[0.828259706,-0.560344458,0,0.560344458,0.828259706,0,0,0,1],"scale":1,"type":"railing_post_metal"}
{"pos":[-488.514557,172.231186,296.464508],"rotationMatrix":[0.828259706,-0.560344458,0,0.560344458,0.828259706,0,0,0,1],"scale":1,"type":"railing_post_metal"}
{"pos":[-489.978363,173.233902,296.464508],"rotationMatrix":[-0.563398242,-0.826185524,0,0.826185524,-0.563398242,0,0,0,1],"scale":1,"type":"railing_post_metal"}
{"pos":[-488.317322,175.669708,296.464508],"rotationMatrix":[-0.563398242,-0.826185524,0,0.826185524,-0.563398242,0,0,0,1],"scale":1,"type":"railing_post_metal"}
{"pos":[-487.190521,177.322113,296.464508],"rotationMatrix":[-0.563398242,-0.826185524,0,0.826185524,-0.563398242,0,0,0,1],"scale":1,"type":"railing_post_metal"}
{"pos":[-482.678497,183.938721,296.464508],"rotationMatrix":[-0.563398242,-0.826185524,0,0.826185524,-0.563398242,0,0,0,1],"scale":1,"type":"railing_post_metal"}
{"pos":[-483.805328,182.286423,296.464508],"rotationMatrix":[-0.563398242,-0.826185524,0,0.826185524,-0.563398242,0,0,0,1],"scale":1,"type":"railing_post_metal"}
{"pos":[-484.932129,180.634018,296.464508],"rotationMatrix":[-0.563398242,-0.826185524,0,0.826185524,-0.563398242,0,0,0,1],"scale":1,"type":"railing_post_metal"}
{"pos":[-486.058929,178.981644,296.464508],"rotationMatrix":[-0.563398242,-0.826185524,0,0.826185524,-0.563398242,0,0,0,1],"scale":1,"type":"railing_post_metal"}
{"pos":[-481.549469,185.589554,296.464508],"rotationMatrix":[-0.563398242,-0.826185524,0,0.826185524,-0.563398242,0,0,0,1],"scale":1,"type":"railing_post_metal"}
{"pos":[-480.424957,187.243515,296.464508],"rotationMatrix":[-0.563398242,-0.826185524,0,0.826185524,-0.563398242,0,0,0,1],"scale":1,"type":"railing_post_metal"}
{"pos":[-479.298157,188.895874,296.464508],"rotationMatrix":[-0.563398242,-0.826185524,0,0.826185524,-0.563398242,0,0,0,1],"scale":1,"type":"railing_post_metal"}
{"pos":[-478.171326,190.548233,296.464508],"rotationMatrix":[-0.563398242,-0.826185524,0,0.826185524,-0.563398242,0,0,0,1],"scale":1,"type":"railing_post_metal"}
{"pos":[-477.044556,192.200607,296.464508],"rotationMatrix":[-0.563398242,-0.826185524,0,0.826185524,-0.563398242,0,0,0,1],"scale":1,"type":"railing_post_metal"}
{"pos":[-465.128448,168.121414,296.464508],"rotationMatrix":[-0.19161582,0.981469989,0,-0.981469989,-0.19161582,0,0,0,1],"scale":1,"type":"railing_post_metal"}
{"pos":[-465.500275,170.040359,296.464508],"rotationMatrix":[-0.19161582,0.981469989,0,-0.981469989,-0.19161582,0,0,0,1],"scale":1,"type":"railing_post_metal"}
{"pos":[-470.966919,168.373123,296.464508],"rotationMatrix":[0.999095976,-0.0425111949,0,0.0425111949,0.999095976,0,0,0,1],"scale":1,"type":"railing_post_metal"}
{"pos":[-468.968781,168.288101,296.464508],"rotationMatrix":[0.999095976,-0.0425111949,0,0.0425111949,0.999095976,0,0,0,1],"scale":1,"type":"railing_post_metal"}
{"pos":[-466.970581,168.203079,296.464508],"rotationMatrix":[0.999095976,-0.0425111949,0,0.0425111949,0.999095976,0,0,0,1],"scale":1,"type":"railing_post_metal"}
{"pos":[-472.964996,168.460892,296.464508],"rotationMatrix":[0.999095976,-0.0425111949,0,0.0425111949,0.999095976,0,0,0,1],"scale":1,"type":"railing_post_metal"}
{"pos":[-483.597107,168.9133,296.464508],"rotationMatrix":[0.999095976,-0.0425111949,0,0.0425111949,0.999095976,0,0,0,1],"scale":1,"type":"railing_post_metal"}
{"pos":[-474.963348,168.543106,296.464508],"rotationMatrix":[0.999095976,-0.0425111949,0,0.0425111949,0.999095976,0,0,0,1],"scale":1,"type":"railing_post_metal"}
{"pos":[-476.961548,168.628159,296.464508],"rotationMatrix":[0.999095976,-0.0425111949,0,0.0425111949,0.999095976,0,0,0,1],"scale":1,"type":"railing_post_metal"}
{"pos":[-478.959686,168.713181,296.464508],"rotationMatrix":[0.999095976,-0.0425111949,0,0.0425111949,0.999095976,0,0,0,1],"scale":1,"type":"railing_post_metal"}
{"pos":[-481.060425,168.802582,296.464508],"rotationMatrix":[0.999095976,-0.0425111949,0,0.0425111949,0.999095976,0,0,0,1],"scale":1,"type":"railing_post_metal"}
{"pos":[-479.184814,211.094238,296.997223],"rotationMatrix":[0.189727306,-0.981836796,0,0.981836796,0.189727306,0,0,0,1],"scale":1,"type":"railing_post_metal"}
{"pos":[-478.038208,205.401535,296.637482],"rotationMatrix":[-0.19161582,0.981469989,0,-0.981469989,-0.19161582,0,0,0,1],"scale":1,"type":"railing_post_metal"}
{"pos":[-478.421417,207.364471,296.733917],"rotationMatrix":[-0.19161582,0.981469989,0,-0.981469989,-0.19161582,0,0,0,1],"scale":1,"type":"railing_post_metal"}
{"pos":[-478.778564,209.193832,296.842896],"rotationMatrix":[-0.19161582,0.981469989,0,-0.981469989,-0.19161582,0,0,0,1],"scale":1,"type":"railing_post_metal"}
{"pos":[-473.408417,210.546295,296.893921],"rotationMatrix":[-0.19161582,0.981469989,0,-0.981469989,-0.19161582,0,0,0,1],"scale":1,"type":"railing_post_metal"}
{"pos":[-472.491852,175.809601,296.464508],"rotationMatrix":[-0.999671221,0.0256357715,0,-0.0256357715,-0.999671221,0,0,0,1],"scale":1,"type":"railing_post_metal"}
{"pos":[-476.49057,175.912079,296.464508],"rotationMatrix":[-0.999671221,0.0256357715,0,-0.0256357715,-0.999671221,0,0,0,1],"scale":1,"type":"railing_post_metal"}
{"pos":[-478.489899,175.963348,296.464508],"rotationMatrix":[-0.999671221,0.0256357715,0,-0.0256357715,-0.999671221,0,0,0,1],"scale":1,"type":"railing_post_metal"}
{"pos":[-474.491272,175.858047,296.464508],"rotationMatrix":[-0.999671221,0.0256357715,0,-0.0256357715,-0.999671221,0,0,0,1],"scale":1,"type":"railing_post_metal"}
{"pos":[-478.657288,179.792389,296.464508],"rotationMatrix":[0.559433937,0.828874886,0,-0.828874886,0.559433937,0,0,0,1],"scale":1,"type":"railing_post_metal"}
{"pos":[-475.298401,184.764069,296.464508],"rotationMatrix":[0.559433937,0.828874886,0,-0.828874886,0.559433937,0,0,0,1],"scale":1,"type":"railing_post_metal"}
{"pos":[-476.417267,183.106339,296.464508],"rotationMatrix":[0.559433937,0.828874886,0,-0.828874886,0.559433937,0,0,0,1],"scale":1,"type":"railing_post_metal"}
{"pos":[-477.536133,181.448593,296.464508],"rotationMatrix":[0.559433937,0.828874886,0,-0.828874886,0.559433937,0,0,0,1],"scale":1,"type":"railing_post_metal"}
{"pos":[-479.773834,178.133026,296.464508],"rotationMatrix":[0.559433937,0.828874886,0,-0.828874886,0.559433937,0,0,0,1],"scale":1,"type":"railing_post_metal"}
{"pos":[-474.344025,185.863541,296.464508],"rotationMatrix":[0.189727306,-0.981836796,0,0.981836796,0.189727306,0,0,0,1],"scale":1,"type":"railing_post_metal"}
{"pos":[-473.701263,182.537521,296.464508],"rotationMatrix":[0.189727306,-0.981836796,0,0.981836796,0.189727306,0,0,0,1],"scale":1,"type":"railing_post_metal"}
{"pos":[-473.321808,180.573868,296.464508],"rotationMatrix":[0.189727306,-0.981836796,0,0.981836796,0.189727306,0,0,0,1],"scale":1,"type":"railing_post_metal"}
{"pos":[-472.942383,178.610199,296.464508],"rotationMatrix":[0.189727306,-0.981836796,0,0.981836796,0.189727306,0,0,0,1],"scale":1,"type":"railing_post_metal"}
{"pos":[-472.668854,177.194641,296.464508],"rotationMatrix":[0.189727306,-0.981836796,0,0.981836796,0.189727306,0,0,0,1],"scale":1,"type":"railing_post_metal"}
{"pos":[-474.078003,184.501724,296.464508],"rotationMatrix":[0.189727306,-0.981836796,0,0.981836796,0.189727306,0,0,0,1],"scale":1,"type":"railing_post_metal"}
{"pos":[-477.483154,202.302963,296.464508],"rotationMatrix":[0.189727306,-0.981836796,0,0.981836796,0.189727306,0,0,0,1],"scale":1,"type":"railing_post_metal"}
{"pos":[-475.866669,193.922958,296.464508],"rotationMatrix":[0.189727306,-0.981836796,0,0.981836796,0.189727306,0,0,0,1],"scale":1,"type":"railing_post_metal"}
{"pos":[-476.347534,196.411438,296.464508],"rotationMatrix":[0.189727306,-0.981836796,0,0.981836796,0.189727306,0,0,0,1],"scale":1,"type":"railing_post_metal"}
{"pos":[-476.726959,198.375107,296.464508],"rotationMatrix":[0.189727306,-0.981836796,0,0.981836796,0.189727306,0,0,0,1],"scale":1,"type":"railing_post_metal"}
{"pos":[-477.106415,200.33876,296.464508],"rotationMatrix":[0.189727306,-0.981836796,0,0.981836796,0.189727306,0,0,0,1],"scale":1,"type":"railing_post_metal"}
{"pos":[-477.732269,203.577316,296.464508],"rotationMatrix":[0.189727306,-0.981836796,0,0.981836796,0.189727306,0,0,0,1],"scale":1,"type":"railing_post_metal"}
{"pos":[-479.555328,213.011581,297.136871],"rotationMatrix":[0.189727306,-0.981836796,0,0.981836796,0.189727306,0,0,0,1],"scale":1,"type":"railing_post_metal"}
{"pos":[-479.934753,214.975235,297.252228],"rotationMatrix":[0.189727306,-0.981836796,0,0.981836796,0.189727306,0,0,0,1],"scale":1,"type":"railing_post_metal"}
{"pos":[-480.162292,216.152557,297.365204],"rotationMatrix":[0.189727306,-0.981836796,0,0.981836796,0.189727306,0,0,0,1],"scale":1,"type":"railing_post_metal"}
{"pos":[-480.327789,217.009079,297.464752],"rotationMatrix":[0.189727306,-0.981836796,0,0.981836796,0.189727306,0,0,0,1],"scale":1,"type":"railing_post_metal"}
{"pos":[-466.228455,173.769989,296.464508],"rotationMatrix":[-0.19161582,0.981469989,0,-0.981469989,-0.19161582,0,0,0,1],"scale":1,"type":"railing_post_metal"}
{"pos":[-466.611664,175.73291,296.464508],"rotationMatrix":[-0.19161582,0.981469989,0,-0.981469989,-0.19161582,0,0,0,1],"scale":1,"type":"railing_post_metal"}
{"pos":[-466.994904,177.695847,296.464508],"rotationMatrix":[-0.19161582,0.981469989,0,-0.981469989,-0.19161582,0,0,0,1],"scale":1,"type":"railing_post_metal"}
{"pos":[-467.378113,179.658783,296.464508],"rotationMatrix":[-0.19161582,0.981469989,0,-0.981469989,-0.19161582,0,0,0,1],"scale":1,"type":"railing_post_metal"}
{"pos":[-465.847931,171.806519,296.464508],"rotationMatrix":[-0.19161582,0.981469989,0,-0.981469989,-0.19161582,0,0,0,1],"scale":1,"type":"railing_post_metal"}
{"pos":[-467.764099,181.621216,296.464508],"rotationMatrix":[-0.19161582,0.981469989,0,-0.981469989,-0.19161582,0,0,0,1],"scale":1,"type":"railing_post_metal"}
{"pos":[-469.294281,189.47348,296.464508],"rotationMatrix":[-0.19161582,0.981469989,0,-0.981469989,-0.19161582,0,0,0,1],"scale":1,"type":"railing_post_metal"}
{"pos":[-468.911072,187.510544,296.464508],"rotationMatrix":[-0.19161582,0.981469989,0,-0.981469989,-0.19161582,0,0,0,1],"scale":1,"type":"railing_post_metal"}
{"pos":[-468.527832,185.547607,296.464508],"rotationMatrix":[-0.19161582,0.981469989,0,-0.981469989,-0.19161582,0,0,0,1],"scale":1,"type":"railing_post_metal"}
{"pos":[-468.144623,183.584686,296.464508],"rotationMatrix":[-0.19161582,0.981469989,0,-0.981469989,-0.19161582,0,0,0,1],"scale":1,"type":"railing_post_metal"}
{"pos":[-470.060791,193.399384,296.464508],"rotationMatrix":[-0.19161582,0.981469989,0,-0.981469989,-0.19161582,0,0,0,1],"scale":1,"type":"railing_post_metal"}
{"pos":[-470.444,195.362305,296.464508],"rotationMatrix":[-0.19161582,0.981469989,0,-0.981469989,-0.19161582,0,0,0,1],"scale":1,"type":"railing_post_metal"}
{"pos":[-470.82724,197.325241,296.464508],"rotationMatrix":[-0.19161582,0.981469989,0,-0.981469989,-0.19161582,0,0,0,1],"scale":1,"type":"railing_post_metal"}
{"pos":[-471.210449,199.288177,296.464508],"rotationMatrix":[-0.19161582,0.981469989,0,-0.981469989,-0.19161582,0,0,0,1],"scale":1,"type":"railing_post_metal"}
{"pos":[-469.680267,191.435913,296.464508],"rotationMatrix":[-0.19161582,0.981469989,0,-0.981469989,-0.19161582,0,0,0,1],"scale":1,"type":"railing_post_metal"}
{"pos":[-471.596436,201.25061,296.464508],"rotationMatrix":[-0.19161582,0.981469989,0,-0.981469989,-0.19161582,0,0,0,1],"scale":1,"type":"railing_post_metal"}
{"pos":[-473.05127,208.716934,296.751801],"rotationMatrix":[-0.19161582,0.981469989,0,-0.981469989,-0.19161582,0,0,0,1],"scale":1,"type":"railing_post_metal"}
{"pos":[-472.66806,206.753998,296.618713],"rotationMatrix":[-0.19161582,0.981469989,0,-0.981469989,-0.19161582,0,0,0,1],"scale":1,"type":"railing_post_metal"}
{"pos":[-472.3414,205.080978,296.464508],"rotationMatrix":[-0.19161582,0.981469989,0,-0.981469989,-0.19161582,0,0,0,1],"scale":1,"type":"railing_post_metal"}
{"pos":[-471.976959,203.214081,296.464508],"rotationMatrix":[-0.19161582,0.981469989,0,-0.981469989,-0.19161582,0,0,0,1],"scale":1,"type":"railing_post_metal"}
{"pos":[-473.823975,212.674652,297.031342],"rotationMatrix":[-0.19161582,0.981469989,0,-0.981469989,-0.19161582,0,0,0,1],"scale":1,"type":"railing_post_metal"}
{"pos":[-474.276337,214.991699,297.204315],"rotationMatrix":[-0.19161582,0.981469989,0,-0.981469989,-0.19161582,0,0,0,1],"scale":1,"type":"railing_post_metal"}
{"pos":[-474.712006,217.223251,297.464813],"rotationMatrix":[-0.19161582,0.981469989,0,-0.981469989,-0.19161582,0,0,0,1],"scale":1,"type":"railing_post_metal"}
{"pos":[-475.042786,218.917572,297.464813],"rotationMatrix":[-0.19161582,0.981469989,0,-0.981469989,-0.19161582,0,0,0,1],"scale":1,"type":"railing_post_metal"}
{"pos":[-475.434662,220.836945,297.464813],"rotationMatrix":[-0.62973249,0.776812196,0,-0.776812196,-0.62973249,0,0,0,1],"scale":1,"type":"railing_post_metal"}
{"pos":[-480.470337,227.053177,297.464813],"rotationMatrix":[-0.62973249,0.776812196,0,-0.776812196,-0.62973249,0,0,0,1],"scale":1,"type":"railing_post_metal"}
{"pos":[-479.210907,225.499542,297.464813],"rotationMatrix":[-0.62973249,0.776812196,0,-0.776812196,-0.62973249,0,0,0,1],"scale":1,"type":"railing_post_metal"}
{"pos":[-477.951416,223.945938,297.464813],"rotationMatrix":[-0.62973249,0.776812196,0,-0.776812196,-0.62973249,0,0,0,1],"scale":1,"type":"railing_post_metal"}
{"pos":[-476.691986,222.392303,297.464813],"rotationMatrix":[-0.62973249,0.776812196,0,-0.776812196,-0.62973249,0,0,0,1],"scale":1,"type":"railing_post_metal"}
{"pos":[-481.729797,228.606796,297.464813],"rotationMatrix":[-0.62973249,0.776812196,0,-0.776812196,-0.62973249,0,0,0,1],"scale":1,"type":"railing_post_metal"}
{"pos":[-480.39093,245.025284,297.464813],"rotationMatrix":[-0.187470913,-0.982270122,0,0.982270122,-0.187470913,0,0,0,1],"scale":1,"type":"railing_post_metal"}
{"pos":[-481.890686,237.16713,297.464813],"rotationMatrix":[-0.187470913,-0.982270122,0,0.982270122,-0.187470913,0,0,0,1],"scale":1,"type":"railing_post_metal"}
{"pos":[-481.515747,239.131668,297.464813],"rotationMatrix":[-0.187470913,-0.982270122,0,0.982270122,-0.187470913,0,0,0,1],"scale":1,"type":"railing_post_metal"}
{"pos":[-481.140808,241.096207,297.464813],"rotationMatrix":[-0.187470913,-0.982270122,0,0.982270122,-0.187470913,0,0,0,1],"scale":1,"type":"railing_post_metal"}
{"pos":[-480.765869,243.060745,297.464813],"rotationMatrix":[-0.187470913,-0.982270122,0,0.982270122,-0.187470913,0,0,0,1],"scale":1,"type":"railing_post_metal"}
{"pos":[-482.276489,235.204666,297.464813],"rotationMatrix":[-0.187470913,-0.982270122,0,0.982270122,-0.187470913,0,0,0,1],"scale":1,"type":"railing_post_metal"}
{"pos":[-482.651428,233.240128,297.464813],"rotationMatrix":[-0.187470913,-0.982270122,0,0.982270122,-0.187470913,0,0,0,1],"scale":1,"type":"railing_post_metal"}
{"pos":[-481.101929,220.969116,297.464813],"rotationMatrix":[0.629732668,-0.776811957,0,0.776811957,0.629732668,0,0,0,1],"scale":1,"type":"railing_post_metal"}
{"pos":[-486.694336,227.867737,297.464813],"rotationMatrix":[0.629732668,-0.776811957,0,0.776811957,0.629732668,0,0,0,1],"scale":1,"type":"railing_post_metal"}
{"pos":[-485.394867,226.26474,297.464813],"rotationMatrix":[0.629732668,-0.776811957,0,0.776811957,0.629732668,0,0,0,1],"scale":1,"type":"railing_post_metal"}
{"pos":[-484.059631,224.617676,297.464813],"rotationMatrix":[0.629732668,-0.776811957,0,0.776811957,0.629732668,0,0,0,1],"scale":1,"type":"railing_post_metal"}
{"pos":[-482.631561,222.856003,297.464813],"rotationMatrix":[0.629732668,-0.776811957,0,0.776811957,0.629732668,0,0,0,1],"scale":1,"type":"railing_post_metal"}
{"pos":[-480.992645,264.999725,296.480804],"rotationMatrix":[0.187470794,0.982270122,0,-0.982270122,0.187470794,0,0,0,1],"scale":1,"type":"railing_post_metal"}
{"pos":[-481.367584,263.035187,296.480804],"rotationMatrix":[0.187470794,0.982270122,0,-0.982270122,0.187470794,0,0,0,1],"scale":1,"type":"railing_post_metal"}
{"pos":[-481.742523,261.070648,296.480804],"rotationMatrix":[0.187470794,0.982270122,0,-0.982270122,0.187470794,0,0,0,1],"scale":1,"type":"railing_post_metal"}
{"pos":[-482.117462,259.10611,296.480804],"rotationMatrix":[0.187470794,0.982270122,0,-0.982270122,0.187470794,0,0,0,1],"scale":1,"type":"railing_post_metal"}
{"pos":[-483.571014,251.543381,296.983917],"rotationMatrix":[0.187470794,0.982270122,0,-0.982270122,0.187470794,0,0,0,1],"scale":1,"type":"railing_post_metal"}
{"pos":[-483.235321,253.302353,296.835297],"rotationMatrix":[0.187470794,0.982270122,0,-0.982270122,0.187470794,0,0,0,1],"scale":1,"type":"railing_post_metal"}
{"pos":[-482.878204,255.179108,296.660797],"rotationMatrix":[0.187470794,0.982270122,0,-0.982270122,0.187470794,0,0,0,1],"scale":1,"type":"railing_post_metal"}
{"pos":[-482.503265,257.143646,296.480804],"rotationMatrix":[0.187470794,0.982270122,0,-0.982270122,0.187470794,0,0,0,1],"scale":1,"type":"railing_post_metal"}
{"pos":[-483.956818,249.580917,297.127502],"rotationMatrix":[0.187470794,0.982270122,0,-0.982270122,0.187470794,0,0,0,1],"scale":1,"type":"railing_post_metal"}
{"pos":[-484.331757,247.616379,297.295349],"rotationMatrix":[0.187470794,0.982270122,0,-0.982270122,0.187470794,0,0,0,1],"scale":1,"type":"railing_post_metal"}
{"pos":[-484.670502,245.843567,297.464813],"rotationMatrix":[0.187470794,0.982270122,0,-0.982270122,0.187470794,0,0,0,1],"scale":1,"type":"railing_post_metal"}
{"pos":[-485.045441,243.879028,297.464813],"rotationMatrix":[0.187470794,0.982270122,0,-0.982270122,0.187470794,0,0,0,1],"scale":1,"type":"railing_post_metal"}
{"pos":[-486.556061,236.022949,297.464813],"rotationMatrix":[0.187470794,0.982270122,0,-0.982270122,0.187470794,0,0,0,1],"scale":1,"type":"railing_post_metal"}
{"pos":[-486.181122,237.987488,297.464813],"rotationMatrix":[0.187470794,0.982270122,0,-0.982270122,0.187470794,0,0,0,1],"scale":1,"type":"railing_post_metal"}
{"pos":[-485.806183,239.952026,297.464813],"rotationMatrix":[0.187470794,0.982270122,0,-0.982270122,0.187470794,0,0,0,1],"scale":1,"type":"railing_post_metal"}
{"pos":[-485.431244,241.916565,297.464813],"rotationMatrix":[0.187470794,0.982270122,0,-0.982270122,0.187470794,0,0,0,1],"scale":1,"type":"railing_post_metal"}
{"pos":[-487.924042,229.336502,297.464813],"rotationMatrix":[0.982270122,-0.187471002,0,0.187471002,0.982270122,0,0,0,1],"scale":1,"type":"railing_post_metal"}
{"pos":[-486.929199,234.204926,297.464813],"rotationMatrix":[0.982270122,-0.187471002,0,0.187471002,0.982270122,0,0,0,1],"scale":1,"type":"railing_post_metal"}
{"pos":[-488.893738,234.579865,297.464813],"rotationMatrix":[0.982270122,-0.187471002,0,0.187471002,0.982270122,0,0,0,1],"scale":1,"type":"railing_post_metal"}
{"pos":[-489.826813,229.690857,297.464813],"rotationMatrix":[0.982270122,-0.187471002,0,0.187471002,0.982270122,0,0,0,1],"scale":1,"type":"railing_post_metal"}
{"pos":[-491.791351,230.065796,297.464813],"rotationMatrix":[0.982270122,-0.187471002,0,0.187471002,0.982270122,0,0,0,1],"scale":1,"type":"railing_post_metal"}
{"pos":[-490.858276,234.954803,297.464813],"rotationMatrix":[0.982270122,-0.187471002,0,0.187471002,0.982270122,0,0,0,1],"scale":1,"type":"railing_post_metal"}
{"pos":[-492.822815,235.329742,297.464813],"rotationMatrix":[0.982270122,-0.187471002,0,0.187471002,0.982270122,0,0,0,1],"scale":1,"type":"railing_post_metal"}
{"pos":[-493.75589,230.440735,297.464813],"rotationMatrix":[0.982270122,-0.187471002,0,0.187471002,0.982270122,0,0,0,1],"scale":1,"type":"railing_post_metal"}
{"pos":[-495.720428,230.815674,297.464813],"rotationMatrix":[0.982270122,-0.187471002,0,0.187471002,0.982270122,0,0,0,1],"scale":1,"type":"railing_post_metal"}
{"pos":[-494.787354,235.704681,297.464813],"rotationMatrix":[0.982270122,-0.187471002,0,0.187471002,0.982270122,0,0,0,1],"scale":1,"type":"railing_post_metal"}
{"pos":[-496.751892,236.07962,297.464813],"rotationMatrix":[0.982270122,-0.187471002,0,0.187471002,0.982270122,0,0,0,1],"scale":1,"type":"railing_post_metal"}
{"pos":[-497.684967,231.190613,297.464813],"rotationMatrix":[0.982270122,-0.187471002,0,0.187471002,0.982270122,0,0,0,1],"scale":1,"type":"railing_post_metal"}
