{"pos":[-43.2490005,-76.7601013,152.313004],"rotationMatrix":[0.0916872025,-0.995787859,0,0.995787859,0.0916872025,0,0,0,1],"scale":1.4052,"type":"utah2_rock_big_2_e"}
{"pos":[-163.238998,-42.6397018,172.904999],"rotationMatrix":[-0.787576675,0.61621666,0,-0.61621666,-0.787576675,0,0,0,1],"scale":1,"type":"utah2_rock_big_2_e"}
{"pos":[-171.462006,-15.3683996,172.679993],"rotationMatrix":[-0.910360157,0.413816839,0,-0.413816839,-0.910360157,0,0,0,1],"scale":1,"type":"utah2_rock_big_2_e"}
{"pos":[-164.104004,-49.4207001,171.695999],"rotationMatrix":[0.177758217,0.984074175,0,-0.984074175,0.177758217,0,0,0,1],"scale":1.36609995,"type":"utah2_rock_big_2_e"}
{"pos":[-131.216995,-113.658997,152.481003],"rotationMatrix":[-0.576420426,0.817153275,0,-0.817153275,-0.576420426,0,0,0,1],"scale":1,"type":"utah2_rock_big_2_e"}
{"pos":[-130.425995,-106.736,152.505997],"rotationMatrix":[0.911300063,-0.411742866,0,0.411742866,0.911300063,0,0,0,1],"scale":1,"type":"utah2_rock_big_2_e"}
{"pos":[-233.470993,-7.59100008,175.404007],"rotationMatrix":[0.0722186565,-0.99738884,0,0.99738884,0.0722186565,0,0,0,1],"scale":1.54690003,"type":"utah2_rock_big_2_e"}
{"pos":[-293.18399,-55.3218994,175.714996],"rotationMatrix":[0.420664787,0.907216132,0,-0.907216132,0.420664787,0,0,0,1],"scale":1,"type":"utah2_rock_big_2_e"}
{"pos":[-295.623993,-56.4723015,175.223007],"rotationMatrix":[0.240879893,-0.970554948,0,0.970554948,0.240879893,0,0,0,1],"scale":1.27750003,"type":"utah2_rock_big_2_e"}
{"pos":[-293.700989,-59.8577995,174.876999],"rotationMatrix":[0.0520230532,0.998645902,0,-0.998645902,0.0520230532,0,0,0,1],"scale":1,"type":"utah2_rock_big_2_e"}
{"pos":[-479.207001,-228.787994,164.451004],"rotationMatrix":[0.997861624,-0.065361917,0,0.065361917,0.997861624,0,0,0,1],"scale":1.17739999,"type":"utah2_rock_big_2_e"}
{"pos":[-20.4822998,-778.299011,118.861],"rotationMatrix":[0.755974054,-0.654601574,0,0.654601574,0.755974054,0,0,0,1],"scale":2.30830002,"type":"utah2_rock_big_2_e"}
{"pos":[-421.712006,-730.179993,105.749001],"rotationMatrix":[0.855394363,-0.517977297,0,0.517977297,0.855394363,0,0,0,1],"scale":1,"type":"utah2_rock_big_2_e"}
{"pos":[-443.759003,-886.210022,133.024994],"rotationMatrix":[0.761539221,0.648118854,0,-0.648118854,0.761539221,0,0,0,1],"scale":1,"type":"utah2_rock_big_2_e"}
{"pos":[-615.267029,-255.371002,198.770996],"rotationMatrix":[-0.231471121,0.972841799,0,-0.972841799,-0.231471121,0,0,0,1],"scale":2.1803,"type":"utah2_rock_big_2_e"}
{"pos":[-628.429993,-636.112,164.154999],"rotationMatrix":[-0.374145448,-0.927370012,0,0.927370012,-0.374145448,0,0,0,1],"scale":1,"type":"utah2_rock_big_2_e"}
{"pos":[-647.565979,-880.669983,114.804001],"rotationMatrix":[0.77177465,-0.635896146,0,0.635896146,0.77177465,0,0,0,1],"scale":1.56060004,"type":"utah2_rock_big_2_e"}
{"pos":[-742.130005,-891.366028,112.681],"rotationMatrix":[0.995880127,0.0900692716,0.010502317,-0.0880856067,0.933379412,0.347913504,0.0215336699,-0.347405225,0.937467813],"scale":0.894200027,"type":"utah2_rock_big_2_e"}
{"pos":[-857.098999,-728.619019,156.531998],"rotationMatrix":[0.36088717,-0.932609499,0,0.932609499,0.36088717,0,0,0,1],"scale":1,"type":"utah2_rock_big_2_e"}
{"pos":[-869.758972,-861.21698,121.391998],"rotationMatrix":[0.0325232744,-0.999470949,0,0.999470949,0.0325232744,0,0,0,1],"scale":1.08200002,"type":"utah2_rock_big_2_e"}
{"pos":[-792.801025,-922.471008,159.610001],"rotationMatrix":[0.119995713,0.992774427,0,-0.992774427,0.119995713,0,0,0,1],"scale":1.99269998,"type":"utah2_rock_big_2_e"}
{"pos":[-912.263,-836.812012,108.626999],"rotationMatrix":[-0.644860268,-0.764300466,0,0.764300466,-0.644860268,0,0,0,1],"scale":1.42330003,"type":"utah2_rock_big_2_e"}
{"pos":[-964.356018,-817.411011,106.319],"rotationMatrix":[-0.762358069,-0.647155464,0,0.647155464,-0.762358069,0,0,0,1],"scale":2.5072,"type":"utah2_rock_big_2_e"}
{"pos":[-1019.91998,-759.377991,151.076996],"rotationMatrix":[-0.878187418,0.478316694,0,-0.478316694,-0.878187418,0,0,0,1],"scale":3.41989994,"type":"utah2_rock_big_2_e"}
{"pos":[-44.0066986,813.158997,227.602005],"rotationMatrix":[0.900453568,-0.43495214,0,0.43495214,0.900453568,0,0,0,1],"scale":1.11979997,"type":"utah2_rock_big_2_e"}
{"pos":[-36.4710007,790.789001,215.901001],"rotationMatrix":[-0.883923113,0.467632264,0,-0.467632264,-0.883923113,0,0,0,1],"scale":1,"type":"utah2_rock_big_2_e"}
{"pos":[-1.1832,789.763977,228.438004],"rotationMatrix":[0.792500973,-0.609870672,0,0.609870672,0.792500973,0,0,0,1],"scale":1,"type":"utah2_rock_big_2_e"}
{"pos":[-68.4160004,861.997009,255.940002],"rotationMatrix":[-0.447857678,0.894104838,0,-0.894104838,-0.447857678,0,0,0,1],"scale":1,"type":"utah2_rock_big_2_e"}
{"pos":[-90.9814987,787.872986,224.529007],"rotationMatrix":[-0.449789703,0.893134475,0,-0.893134475,-0.449789703,0,0,0,1],"scale":1,"type":"utah2_rock_big_2_e"}
{"pos":[-63.3552017,797.039978,215.505997],"rotationMatrix":[-0.848199189,0.529677391,0,-0.529677391,-0.848199189,0,0,0,1],"scale":1.18929994,"type":"utah2_rock_big_2_e"}
{"pos":[-85.3509979,611.049988,221.201004],"rotationMatrix":[0.380823135,-0.924647927,0,0.924647927,0.380823135,0,0,0,1],"scale":1.14880002,"type":"utah2_rock_big_2_e"}
{"pos":[-87.2472992,609.924988,221.449997],"rotationMatrix":[-0.942470193,-0.334290206,0,0.334290206,-0.942470193,0,0,0,1],"scale":1,"type":"utah2_rock_big_2_e"}
{"pos":[-65.0929031,564.71698,202.147995],"rotationMatrix":[-0.0806834698,-0.996739745,0,0.996739745,-0.0806834698,0,0,0,1],"scale":1.65680003,"type":"utah2_rock_big_2_e"}
{"pos":[-89.6432037,610.413025,221.240997],"rotationMatrix":[0.965044737,-0.262085199,0,0.262085199,0.965044737,0,0,0,1],"scale":1.27579999,"type":"utah2_rock_big_2_e"}
{"pos":[-232.789993,678.984009,204.886002],"rotationMatrix":[-0.995749295,-0.0921050608,0,0.0921050608,-0.995749295,0,0,0,1],"scale":1.31289995,"type":"utah2_rock_big_2_e"}
{"pos":[-206.044998,685.833008,204.242996],"rotationMatrix":[0.571631432,-0.814561129,-0.0986290798,0.818006456,0.556370854,0.146003038,-0.0640540496,-0.164139152,0.98435533],"scale":1.70130002,"type":"utah2_rock_big_2_e"}
{"pos":[-270.872009,737.330017,221.005005],"rotationMatrix":[0.258273005,0.966071963,0,-0.966071963,0.258273005,0,0,0,1],"scale":1,"type":"utah2_rock_big_2_e"}
{"pos":[-341.872009,599.012024,239.380005],"rotationMatrix":[-0.687312484,0.726361871,0,-0.726361871,-0.687312484,0,0,0,1],"scale":1,"type":"utah2_rock_big_2_e"}
{"pos":[-219.955002,458.598999,255.330002],"rotationMatrix":[-0.000848591328,0.999999642,0,-0.999999642,-0.000848591328,0,0,0,1],"scale":1,"type":"utah2_rock_big_2_e"}
{"pos":[-111.454002,73.0953979,174.966995],"rotationMatrix":[0.277656794,0.960680306,0,-0.960680306,0.277656794,0,0,0,1],"scale":1,"type":"utah2_rock_big_2_e"}
{"pos":[-249.550003,194.660995,197.492996],"rotationMatrix":[-0.468995333,0.804316998,0.364852726,-0.717088759,-0.587932944,0.374324143,0.51558423,-0.0860755146,0.852504492],"scale":1,"type":"utah2_rock_big_2_e"}
{"pos":[-185.147003,39.9640007,174.281006],"rotationMatrix":[-0.397429645,-0.917632639,0,0.917632639,-0.397429645,0,0,0,1],"scale":1.5869,"type":"utah2_rock_big_2_e"}
{"pos":[-362.609985,224.917999,248.376999],"rotationMatrix":[0.950824499,-0.309730172,0,0.309730172,0.950824499,0,0,0,1],"scale":1.73280001,"type":"utah2_rock_big_2_e"}
{"pos":[-355.57901,206.798996,243.569],"rotationMatrix":[-0.932510972,0.361141652,0,-0.361141652,-0.932510972,0,0,0,1],"scale":1.13670003,"type":"utah2_rock_big_2_e"}
{"pos":[-349.835999,213.718002,244.417007],"rotationMatrix":[0.752068639,-0.659084797,0,0.659084797,0.752068639,0,0,0,1],"scale":1,"type":"utah2_rock_big_2_e"}
{"pos":[-561.372986,699.372986,246.945007],"rotationMatrix":[-0.0141416192,-0.999899983,0,0.999899983,-0.0141416192,0,0,0,1],"scale":1.61310005,"type":"utah2_rock_big_2_e"}
{"pos":[-695.882019,737.390015,256.997986],"rotationMatrix":[-0.255102813,0.966913939,0,-0.966913939,-0.255102813,0,0,0,1],"scale":1,"type":"utah2_rock_big_2_e"}
{"pos":[-675.437988,544.538025,244.091003],"rotationMatrix":[-0.143587947,0.989637554,0,-0.989637554,-0.143587947,0,0,0,1],"scale":2.68300009,"type":"utah2_rock_big_2_e"}
{"pos":[-799.364014,689.049988,253.233994],"rotationMatrix":[-0.939024925,0.343849093,0,-0.343849093,-0.939024925,0,0,0,1],"scale":1.46270001,"type":"utah2_rock_big_2_e"}
{"pos":[-788.72998,690.234985,254.065994],"rotationMatrix":[-0.789521337,0.613723099,0,-0.613723099,-0.789521337,0,0,0,1],"scale":1.54250002,"type":"utah2_rock_big_2_e"}
{"pos":[-616.374023,486.984985,275.153992],"rotationMatrix":[0.894938946,-0.446188629,0,0.446188629,0.894938946,0,0,0,1],"scale":1,"type":"utah2_rock_big_2_e"}
{"pos":[-588.812988,341.162994,298.259003],"rotationMatrix":[0.00424265862,0.999991,0,-0.999991,0.00424265862,0,0,0,1],"scale":1.59109998,"type":"utah2_rock_big_2_e"}
{"pos":[-725.356018,388.5,294.704987],"rotationMatrix":[0.71904695,-0.694961488,0,0.694961488,0.71904695,0,0,0,1],"scale":1,"type":"utah2_rock_big_2_e"}
{"pos":[-804.742981,344.709991,249.699997],"rotationMatrix":[0.816970348,-0.576679707,0,0.576679707,0.816970348,0,0,0,1],"scale":1,"type":"utah2_rock_big_2_e"}
{"pos":[927.536011,-82.7437973,194.503006],"rotationMatrix":[0.436657906,-0.899627626,0,0.899627626,0.436657906,0,0,0,1],"scale":1.74950004,"type":"utah2_rock_big_2_e"}
{"pos":[869.221985,-564.866028,177.018997],"rotationMatrix":[0.223562956,0.974689484,0,-0.974689484,0.223562956,0,0,0,1],"scale":1,"type":"utah2_rock_big_2_e"}
{"pos":[804.820984,-571.765015,132.682007],"rotationMatrix":[0.461940765,0.886910796,0,-0.886910796,0.461940765,0,0,0,1],"scale":1,"type":"utah2_rock_big_2_e"}
{"pos":[913.812988,-796.060974,215.171005],"rotationMatrix":[-0.73649323,0.674791932,0.0472609438,-0.672547877,-0.722972095,-0.158084542,-0.0725058317,-0.148213446,0.986293912],"scale":1.24870002,"type":"utah2_rock_big_2_e"}
{"pos":[674.940002,-730.19397,144.617996],"rotationMatrix":[-0.107041836,-0.994254529,0,0.994254529,-0.107041836,0,0,0,1],"scale":1,"type":"utah2_rock_big_2_e"}
{"pos":[676.518005,-728.044006,143.380997],"rotationMatrix":[0.981335998,0.19230096,0,-0.19230096,0.981335998,0,0,0,1],"scale":1,"type":"utah2_rock_big_2_e"}
{"pos":[563.224976,-648.486023,124.791],"rotationMatrix":[0.933020353,-0.359823585,0,0.359823585,0.933020353,0,0,0,1],"scale":1,"type":"utah2_rock_big_2_e"}
{"pos":[656.333008,-795.335022,142.882004],"rotationMatrix":[-0.529015422,0.791277826,0.306630284,-0.829046547,-0.559043646,0.0123288836,0.181175277,-0.247688606,0.951748848],"scale":2.16540003,"type":"utah2_rock_big_2_e"}
{"pos":[69.4224014,-27.0741997,170.541],"rotationMatrix":[0.00339412689,0.999994218,0,-0.999994218,0.00339412689,0,0,0,1],"scale":1,"type":"utah2_rock_big_2_e"}
{"pos":[84.5960007,-28.7534008,170.177994],"rotationMatrix":[-0.453156769,-0.891430855,0,0.891430855,-0.453156769,0,0,0,1],"scale":1,"type":"utah2_rock_big_2_e"}
{"pos":[280.371002,-962.497986,148.621002],"rotationMatrix":[-0.985310435,0.170772791,0,-0.170772791,-0.985310435,0,0,0,1],"scale":1.29639995,"type":"utah2_rock_big_2_e"}
{"pos":[1019.65002,754.190002,252.106003],"rotationMatrix":[0.927875519,0.372890085,0,-0.372890085,0.927875519,0,0,0,1],"scale":2.01200008,"type":"utah2_rock_big_2_e"}
{"pos":[1002.87,708.265015,242.729996],"rotationMatrix":[-0.18571502,0.982603669,0,-0.982603669,-0.18571502,0,0,0,1],"scale":1,"type":"utah2_rock_big_2_e"}
{"pos":[1007.21997,625.41803,240.916],"rotationMatrix":[0.801439643,-0.598075688,0,0.598075688,0.801439643,0,0,0,1],"scale":1.7385,"type":"utah2_rock_big_2_e"}
{"pos":[912.286987,808.671021,227.457001],"rotationMatrix":[0.700154662,0.713991225,0,-0.713991225,0.700154662,0,0,0,1],"scale":1.76960003,"type":"utah2_rock_big_2_e"}
{"pos":[811.54303,846.747009,177.587997],"rotationMatrix":[0.844761848,0.535142422,0,-0.535142422,0.844761848,0,0,0,1],"scale":2.36120009,"type":"utah2_rock_big_2_e"}
{"pos":[820.890991,775.895996,174.804001],"rotationMatrix":[-0.95038563,0.311074197,0,-0.311074197,-0.95038563,0,0,0,1],"scale":1.61059999,"type":"utah2_rock_big_2_e"}
{"pos":[839.75,837.870972,177.399994],"rotationMatrix":[0.194790959,0.980844796,0,-0.980844796,0.194790959,0,0,0,1],"scale":1.60870004,"type":"utah2_rock_big_2_e"}
{"pos":[782.862976,822.593994,171.134003],"rotationMatrix":[-0.917395771,-0.39797613,-1.83239615e-06,0.393104047,-0.9061656,0.155990735,-0.0620822534,0.143104523,0.987758517],"scale":1.46259999,"type":"utah2_rock_big_2_e"}
{"pos":[917.643005,527.724976,218.757996],"rotationMatrix":[0.887480855,-0.460844576,0,0.460844576,0.887480855,0,0,0,1],"scale":1.22749996,"type":"utah2_rock_big_2_e"}
{"pos":[853.958008,618.734009,170.399002],"rotationMatrix":[0.996638298,-0.0819274262,0,0.0819274262,0.996638298,0,0,0,1],"scale":1,"type":"utah2_rock_big_2_e"}
{"pos":[505.654999,716.280029,176.748993],"rotationMatrix":[-0.759853005,0.650094926,0,-0.650094926,-0.759853005,0,0,0,1],"scale":2.12759995,"type":"utah2_rock_big_2_e"}
{"pos":[514.491028,714.208008,179.261002],"rotationMatrix":[-0.883810997,-0.446694762,-0.139075205,0.451087862,-0.892479539,-7.53901113e-05,-0.124088094,-0.0628017634,0.99028182],"scale":1.50750005,"type":"utah2_rock_big_2_e"}
{"pos":[521.869019,635.786011,193.276001],"rotationMatrix":[-0.966040134,-0.166532755,0.197568461,0.120952711,-0.967107713,-0.223770216,0.228335068,-0.19227457,0.954407454],"scale":1.16299999,"type":"utah2_rock_big_2_e"}
{"pos":[758.596008,436.408997,162.009995],"rotationMatrix":[-0.213016748,0.977048576,0,-0.977048576,-0.213016748,0,0,0,1],"scale":1.58829999,"type":"utah2_rock_big_2_e"}
{"pos":[851.359985,276.019012,199.005997],"rotationMatrix":[-0.910700917,-0.413066387,0,0.413066387,-0.910700917,0,0,0,1],"scale":2.67030001,"type":"utah2_rock_big_2_e"}
{"pos":[785.968018,259.712006,146.647995],"rotationMatrix":[-0.23535949,-0.971908391,0,0.971908391,-0.23535949,0,0,0,1],"scale":2.37989998,"type":"utah2_rock_big_2_e"}
{"pos":[416.838013,728.307007,170.977997],"rotationMatrix":[-0.963929534,-0.143924713,-0.223887324,0.0800129399,-0.958970845,0.271979511,-0.25384599,0.244255185,0.935896158],"scale":1.50559998,"type":"utah2_rock_big_2_e"}
{"pos":[368.78299,545.919983,184.119995],"rotationMatrix":[-0.845335007,-0.53423661,0,0.53423661,-0.845335007,0,0,0,1],"scale":1.28330004,"type":"utah2_rock_big_2_e"}
{"pos":[68.0512009,774.815002,246.440994],"rotationMatrix":[0.957697153,-0.28777796,1.51608874e-05,0.280366451,0.933020473,-0.22553812,0.0648907572,0.216001466,0.974234343],"scale":1,"type":"utah2_rock_big_2_e"}
{"pos":[26.1033001,840.887024,255.584],"rotationMatrix":[0.964568615,0.263832122,0,-0.263832122,0.964568615,0,0,0,1],"scale":1,"type":"utah2_rock_big_2_e"}
{"pos":[51.9422989,770.336975,237.242004],"rotationMatrix":[0.762645602,0.646816552,0,-0.646816552,0.762645602,0,0,0,1],"scale":1,"type":"utah2_rock_big_2_e"}
{"pos":[210.229004,730.814026,218.427002],"rotationMatrix":[-0.686529994,-0.727101505,0,0.727101505,-0.686529994,0,0,0,1],"scale":2.26970005,"type":"utah2_rock_big_2_e"}
{"pos":[410.963989,373.239014,169.886993],"rotationMatrix":[-0.827126205,-0.562016249,0,0.562016249,-0.827126205,0,0,0,1],"scale":1,"type":"utah2_rock_big_2_e"}
{"pos":[460.977081,242.864975,169.529999],"rotationMatrix":[-0.0599347353,0.998202324,0,-0.998202324,-0.0599347353,0,0,0,1],"scale":1,"type":"utah2_rock_big_2_e"}
{"pos":[473.568726,242.499222,170.031006],"rotationMatrix":[-0.200389206,0.978957176,-0.0385613292,-0.961404502,-0.204065681,-0.184549794,-0.188535392,9.12510295e-05,0.982066393],"scale":1,"type":"utah2_rock_big_2_e"}
{"pos":[164.337997,470.091003,169.477005],"rotationMatrix":[-0.310722828,0.440531462,0.842248976,-0.817142129,-0.576436281,3.99180208e-05,0.485520452,-0.688224673,0.539088726],"scale":2.02800012,"type":"utah2_rock_big_2_e"}
{"pos":[146.884003,278.355011,235.488007],"rotationMatrix":[0.951827526,-0.306633919,0,0.306633919,0.951827526,0,0,0,1],"scale":1.44050002,"type":"utah2_rock_big_2_e"}
{"pos":[172.751999,183.134003,174.806],"rotationMatrix":[0.0641083717,-0.943702757,0.324523032,0.997700155,0.0677821636,1.62810957e-05,-0.0220122393,0.323775649,0.94587779],"scale":1,"type":"utah2_rock_big_2_e"}
{"pos":[-589.879639,-720.861389,101.729111],"rotationMatrix":[0.462622195,-0.886555493,0,0.886555493,0.462622195,0,0,0,1],"scale":1,"type":"utah2_rock_big_2_e"}
{"pos":[616.686951,-561.868591,134.421402],"rotationMatrix":[-0.593523502,0.804816663,0,-0.804816663,-0.593523502,0,0,0,1],"scale":1,"type":"utah2_rock_big_2_e"}
{"pos":[658.568298,-577.768677,139.058182],"rotationMatrix":[0.362749219,-0.931886792,0,0.931886792,0.362749219,0,0,0,1],"scale":1,"type":"utah2_rock_big_2_e"}
{"pos":[-331.058197,363.587433,291.23999],"rotationMatrix":[-0.902414799,-0.43086791,0,0.353637546,-0.740662396,0.571277559,-0.246145278,0.515529037,0.820756018],"scale":1.32133079,"type":"utah2_rock_big_2_e"}
{"pos":[-477.078583,227.334122,296.204254],"rotationMatrix":[0.976622522,0.0134838391,-0.214536026,-0.214959726,0.0612615831,-0.974699974,-2.30386448e-08,0.998030543,0.062727347],"scale":1,"type":"utah2_rock_big_2_e"}
{"pos":[-939.34668,644.176208,265.501709],"rotationMatrix":[0.716715097,0.697366118,0,-0.697366118,0.716715097,0,0,0,1],"scale":1,"type":"utah2_rock_big_2_e"}
{"pos":[-970.744141,630.7323,266.283905],"rotationMatrix":[-0.465542674,0.885025442,0,-0.885025442,-0.465542674,0,0,0,1],"scale":1,"type":"utah2_rock_big_2_e"}
{"pos":[-971.369202,620.342346,267.66037],"rotationMatrix":[0.995245636,0.0973969996,0,-0.0973969996,0.995245636,0,0,0,1],"scale":1,"type":"utah2_rock_big_2_e"}
{"pos":[-929.338318,650.815918,266.754272],"rotationMatrix":[-0.0511208028,-0.736843765,-0.674128234,-0.995397389,-0.0171944741,0.0942771137,-0.081058681,0.675845265,-0.732573211],"scale":1,"type":"utah2_rock_big_2_e"}
{"pos":[-952.243652,618.353699,265.919708],"rotationMatrix":[-0.773477197,-0.63382417,0,0.63382417,-0.773477197,0,0,0,1],"scale":1.37382662,"type":"utah2_rock_big_2_e"}
{"pos":[-940.353638,580.925842,262.82016],"rotationMatrix":[-0.944411516,0.32876569,0,-0.32876569,-0.944411516,0,0,0,1],"scale":1,"type":"utah2_rock_big_2_e"}
{"pos":[-942.030579,583.749084,262.394836],"rotationMatrix":[-0.0609613769,-0.998140097,0,0.998140097,-0.0609613769,0,0,0,1],"scale":1,"type":"utah2_rock_big_2_e"}
{"pos":[-946.483459,584.631348,262.985046],"rotationMatrix":[0.523992479,-0.851722896,0,0.851722896,0.523992479,0,0,0,1],"scale":1,"type":"utah2_rock_big_2_e"}
{"pos":[568.466187,-616.271606,135.204559],"rotationMatrix":[0.954680562,-0.297632426,0,0.297632426,0.954680562,0,0,0,1],"scale":1,"type":"utah2_rock_big_2_e"}
{"pos":[835.180725,-210.084427,143.235062],"rotationMatrix":[-0.657930434,-0.753078699,0,0.753078699,-0.657930434,0,0,0,1],"scale":1,"type":"utah2_rock_big_2_e"}
{"pos":[647.468445,-225.879379,140.582748],"rotationMatrix":[0.128686696,0.991685271,0,-0.991685271,0.128686696,0,0,0,1],"scale":1,"type":"utah2_rock_big_2_e"}
{"pos":[460.977081,242.864975,167.692017],"rotationMatrix":[-0.0599347353,0.998202324,0,-0.998202324,-0.0599347353,0,0,0,1],"scale":1,"type":"utah2_rock_big_2_e"}
