{"pos":[-334.890961,364.990295,293.093842],"rotationMatrix":[0.287802726,-0.957690001,0,0.943176746,0.283441216,0.173434526,-0.166096479,-0.0499149151,0.984845698],"scale":0.780239761,"type":"utah2_rock_big_2_b_top"}
{"pos":[-479.977844,232.221558,297.017517],"rotationMatrix":[-0.0477410369,0.998859763,0,-0.998859763,-0.0477410369,0,0,0,1],"scale":1,"type":"utah2_rock_big_2_b_top"}
{"pos":[370.184021,852.776062,239.827835],"rotationMatrix":[0.957878947,-0.253216892,-0.135466054,0.255572677,0.96679008,0,0.1309672,-0.0346213393,0.990781546],"scale":1.51447463,"type":"utah2_rock_big_2_b_top"}
{"pos":[-864.49231,22.1259422,249.065216],"rotationMatrix":[0.45782119,0.889044404,0,-0.889044404,0.45782119,0,0,0,1],"scale":1,"type":"utah2_rock_big_2_b_top"}
{"pos":[294.253937,729.398254,187.725662],"rotationMatrix":[-0.892959654,-0.427910447,0.139698967,0.432148039,-0.90180254,0,0.125980914,0.060370639,0.990194321],"scale":1,"type":"utah2_rock_big_2_b_top"}
{"pos":[260.561829,704.787231,188.187988],"rotationMatrix":[0.596326709,0.802742124,0,-0.802742124,0.596326709,0,0,0,1],"scale":1,"type":"utah2_rock_big_2_b_top"}
{"pos":[254.557571,698.261963,187.672821],"rotationMatrix":[0.753662169,0.652457952,0.0793199986,-0.654520214,0.756044269,0,-0.0599694327,-0.0519165434,0.996849179],"scale":1,"type":"utah2_rock_big_2_b_top"}
{"pos":[247.914062,692.609497,187.268188],"rotationMatrix":[-0.692767978,-0.721160531,0,0.721160531,-0.692767978,0,0,0,1],"scale":1,"type":"utah2_rock_big_2_b_top"}
{"pos":[273.702911,719.41803,188.92485],"rotationMatrix":[-0.88096875,-0.473173887,0,0.473173887,-0.88096875,0,0,0,1],"scale":1.38854122,"type":"utah2_rock_big_2_b_top"}
{"pos":[-987.861328,619.497864,282.420593],"rotationMatrix":[-0.764219046,0.644957066,0,-0.644957066,-0.764219046,0,0,0,1],"scale":1,"type":"utah2_rock_big_2_b_top"}
{"pos":[-887.367798,654.332336,266.005005],"rotationMatrix":[-0.408618212,0.912705481,0,-0.912705541,-0.408618212,0,0,0,1],"scale":1,"type":"utah2_rock_big_2_b_top"}
{"pos":[-951.151245,622.018066,266.550964],"rotationMatrix":[-0.860999644,-0.508605599,0,0.508605599,-0.860999644,0,0,0,1],"scale":1,"type":"utah2_rock_big_2_b_top"}
{"pos":[-954.603027,624.177063,265.450348],"rotationMatrix":[-0.805849969,-0.538104057,0.247082263,0.591168404,-0.754806101,0.284232289,0.0335520469,0.375115633,0.926370502],"scale":1,"type":"utah2_rock_big_2_b_top"}
{"pos":[-900.998718,-59.0607338,251.084061],"rotationMatrix":[0.999176383,-0.0405764803,0,0.0405764803,0.999176383,0,0,0,1],"scale":0.547131062,"type":"utah2_rock_big_2_b_top"}
{"pos":[-901.124756,-59.5924416,251.689148],"rotationMatrix":[-0.982296109,0.187332988,0,-0.187332988,-0.982296109,0,0,0,1],"scale":0.584379315,"type":"utah2_rock_big_2_b_top"}
{"pos":[-902.458252,-60.5872536,252.253891],"rotationMatrix":[-0.968171358,0.250286609,0,-0.250286609,-0.968171358,0,0,0,1],"scale":0.802046895,"type":"utah2_rock_big_2_b_top"}
{"pos":[-902.108276,-64.9245453,252.055756],"rotationMatrix":[0.990052164,-0.140700161,0,0.140700161,0.990052164,0,0,0,1],"scale":1,"type":"utah2_rock_big_2_b_top"}
{"pos":[-901.651855,-69.6112823,254.544647],"rotationMatrix":[-0.725573003,-0.688144624,0,0.688144624,-0.725573003,0,0,0,1],"scale":1,"type":"utah2_rock_big_2_b_top"}
{"pos":[-904.578552,-69.165596,254.555725],"rotationMatrix":[0.775498033,-0.631350517,0,0.631350517,0.775498033,0,0,0,1],"scale":1,"type":"utah2_rock_big_2_b_top"}
{"pos":[-904.29248,-70.3208847,255.606934],"rotationMatrix":[-0.790886462,0.611962199,0,-0.611962199,-0.790886462,0,0,0,1],"scale":1,"type":"utah2_rock_big_2_b_top"}
{"pos":[-901.834106,-73.9719925,256.692352],"rotationMatrix":[0.999887347,0.0150508005,0,-0.0150508005,0.999887347,0,0,0,1],"scale":1,"type":"utah2_rock_big_2_b_top"}
{"pos":[-902.846558,-74.6165924,257.986542],"rotationMatrix":[-0.990986228,0.133963302,0,-0.133963302,-0.990986228,0,0,0,1],"scale":1,"type":"utah2_rock_big_2_b_top"}
{"pos":[-985.553406,-192.232986,280.792236],"rotationMatrix":[-0.289594531,0.957149684,0,-0.957149684,-0.289594531,0,0,0,1],"scale":1,"type":"utah2_rock_big_2_b_top"}
{"pos":[-982.906006,-187.996918,279.836243],"rotationMatrix":[0.594111204,0.804383397,0,-0.804383397,0.594111204,0,0,0,1],"scale":1,"type":"utah2_rock_big_2_b_top"}
{"pos":[-982.56189,-193.866104,279.737183],"rotationMatrix":[0.893194139,-0.449670643,0,0.449670643,0.893194139,0,0,0,1],"scale":1,"type":"utah2_rock_big_2_b_top"}
{"pos":[-977.582397,-193.295288,278.634552],"rotationMatrix":[-0.653827369,0.756643891,0,-0.756643891,-0.653827369,0,0,0,1],"scale":1,"type":"utah2_rock_big_2_b_top"}
{"pos":[-897.999756,-108.785294,267.006592],"rotationMatrix":[0.631047547,0.775744319,0,-0.775744319,0.631047547,0,0,0,1],"scale":1,"type":"utah2_rock_big_2_b_top"}
{"pos":[-904.521301,-108.502144,266.956848],"rotationMatrix":[0.536168158,-0.844111145,0,0.844111145,0.536168158,0,0,0,1],"scale":1,"type":"utah2_rock_big_2_b_top"}
{"pos":[-902.691406,-112.069572,268.193329],"rotationMatrix":[-0.724099219,0.689695835,0,-0.689695835,-0.724099219,0,0,0,1],"scale":1,"type":"utah2_rock_big_2_b_top"}
{"pos":[-903.451355,-115.057243,269.041504],"rotationMatrix":[-0.703530431,0.710665762,0,-0.710665762,-0.703530431,0,0,0,1],"scale":1,"type":"utah2_rock_big_2_b_top"}
{"pos":[-902.928284,-128.289871,271.341187],"rotationMatrix":[0.878433108,0.477865219,0,-0.477865219,0.878433108,0,0,0,1],"scale":1,"type":"utah2_rock_big_2_b_top"}
{"pos":[-907.359009,-124.859909,271.29483],"rotationMatrix":[-0.280152202,0.959955633,0,-0.959955633,-0.280152202,0,0,0,1],"scale":1,"type":"utah2_rock_big_2_b_top"}
{"pos":[-905.909546,-125.330452,270.575287],"rotationMatrix":[0.738047838,-0.674747884,0,0.674747884,0.738047838,0,0,0,1],"scale":1,"type":"utah2_rock_big_2_b_top"}
{"pos":[-860.194763,82.552887,239.268768],"rotationMatrix":[0.865871251,-0.50026679,0,0.50026679,0.865871251,0,0,0,1],"scale":1,"type":"utah2_rock_big_2_b_top"}
{"pos":[-853.186584,82.566925,239.378464],"rotationMatrix":[-0.879529476,-0.475845128,0,0.475845128,-0.879529476,0,0,0,1],"scale":1,"type":"utah2_rock_big_2_b_top"}
{"pos":[-854.245911,82.9551849,238.30069],"rotationMatrix":[0.99623251,-0.0867182612,0,0.0867182612,0.99623251,0,0,0,1],"scale":1,"type":"utah2_rock_big_2_b_top"}
{"pos":[-861.863098,86.3755569,238.308197],"rotationMatrix":[-0.872509956,0.488597512,0,-0.488597512,-0.872509956,0,0,0,1],"scale":1,"type":"utah2_rock_big_2_b_top"}
{"pos":[-857.687439,85.9315643,237.175095],"rotationMatrix":[0.988604724,-0.150534034,0,0.150534034,0.988604724,0,0,0,1],"scale":1,"type":"utah2_rock_big_2_b_top"}
{"pos":[-864.908203,78.1541138,240.482605],"rotationMatrix":[-0.129603952,-0.99156636,0,0.99156636,-0.129603952,0,0,0,1],"scale":1,"type":"utah2_rock_big_2_b_top"}
{"pos":[-863.446228,64.7401886,243.887161],"rotationMatrix":[0.989635587,0.143600762,0,-0.143600762,0.989635587,0,0,0,1],"scale":1,"type":"utah2_rock_big_2_b_top"}
{"pos":[-870.837158,73.0934448,243.771439],"rotationMatrix":[-0.75678575,0.653663218,0,-0.653663218,-0.75678575,0,0,0,1],"scale":1,"type":"utah2_rock_big_2_b_top"}
{"pos":[-855.186951,68.7660446,243.745911],"rotationMatrix":[-0.896954715,-0.442120522,0,0.442120522,-0.896954715,0,0,0,1],"scale":1,"type":"utah2_rock_big_2_b_top"}
{"pos":[-864.600586,68.6348419,242.401016],"rotationMatrix":[0.996068239,-0.0885889754,0,0.0885889754,0.996068239,0,0,0,1],"scale":1,"type":"utah2_rock_big_2_b_top"}
{"pos":[-855.792969,70.6066132,242.439209],"rotationMatrix":[-0.942101896,-0.335327566,0,0.335327566,-0.942101896,0,0,0,1],"scale":1,"type":"utah2_rock_big_2_b_top"}
{"pos":[-867.110962,73.5851517,242.367096],"rotationMatrix":[-0.447241485,0.894413173,0,-0.894413173,-0.447241485,0,0,0,1],"scale":1,"type":"utah2_rock_big_2_b_top"}
{"pos":[-861.965515,71.4743729,241.46489],"rotationMatrix":[-0.981411397,0.191915825,0,-0.191915825,-0.981411397,0,0,0,1],"scale":1,"type":"utah2_rock_big_2_b_top"}
{"pos":[-19.6444569,210.870483,230.025696],"rotationMatrix":[-0.818526089,0.574469984,0,-0.574469984,-0.818526089,0,0,0,1],"scale":1,"type":"utah2_rock_big_2_b_top"}
{"pos":[-13.3925219,204.870621,229.202789],"rotationMatrix":[0.97351861,-0.228607878,0,0.228607878,0.97351861,0,0,0,1],"scale":1,"type":"utah2_rock_big_2_b_top"}
{"pos":[-27.1932621,214.755585,229.899155],"rotationMatrix":[-0.831627309,0.555335104,0,-0.555335104,-0.831627309,0,0,0,1],"scale":1,"type":"utah2_rock_big_2_b_top"}
{"pos":[-33.4590759,218.335373,229.791473],"rotationMatrix":[-0.893552542,0.448957831,0,-0.448957831,-0.893552542,0,0,0,1],"scale":1,"type":"utah2_rock_big_2_b_top"}
{"pos":[-21.3350868,215.389282,231.276962],"rotationMatrix":[0.854060411,0.520174384,0,-0.520174384,0.854060411,0,0,0,1],"scale":1,"type":"utah2_rock_big_2_b_top"}
{"pos":[-19.1085453,212.707123,230.61702],"rotationMatrix":[-0.932417274,0.361382574,0,-0.361382574,-0.932417274,0,0,0,1],"scale":1,"type":"utah2_rock_big_2_b_top"}
{"pos":[-28.0311642,216.70723,231.304138],"rotationMatrix":[0.82526809,-0.564740121,0,0.564740121,0.82526809,0,0,0,1],"scale":1,"type":"utah2_rock_big_2_b_top"}
{"pos":[-44.4047737,217.066589,229.70282],"rotationMatrix":[0.906634688,0.421917021,0,-0.421917021,0.906634688,0,0,0,1],"scale":1,"type":"utah2_rock_big_2_b_top"}
{"pos":[-51.9930916,213.937378,229.755859],"rotationMatrix":[-0.842282355,-0.539037704,0,0.539037704,-0.842282355,0,0,0,1],"scale":1,"type":"utah2_rock_big_2_b_top"}
{"pos":[-61.4673042,206.194305,229.698807],"rotationMatrix":[-0.56247443,-0.826815665,0,0.826815665,-0.56247443,0,0,0,1],"scale":1,"type":"utah2_rock_big_2_b_top"}
{"pos":[-63.7960739,199.215607,229.619888],"rotationMatrix":[0.52720052,0.849740505,0,-0.849740505,0.52720052,0,0,0,1],"scale":1,"type":"utah2_rock_big_2_b_top"}
{"pos":[-59.7927132,208.654388,230.834869],"rotationMatrix":[0.677780867,0.735263228,0,-0.735263228,0.677780867,0,0,0,1],"scale":1,"type":"utah2_rock_big_2_b_top"}
{"pos":[-47.7478485,220.635834,231.519363],"rotationMatrix":[-0.11320015,0.993571997,0,-0.993571997,-0.11320015,0,0,0,1],"scale":1,"type":"utah2_rock_big_2_b_top"}
{"pos":[-64.3036346,195.35704,228.445328],"rotationMatrix":[0.512544394,0.858661532,0,-0.858661532,0.512544394,0,0,0,1],"scale":1,"type":"utah2_rock_big_2_b_top"}
{"pos":[-68.8164139,188.501709,227.416031],"rotationMatrix":[0.821765482,0.569825053,0,-0.569825053,0.821765482,0,0,0,1],"scale":1,"type":"utah2_rock_big_2_b_top"}
{"pos":[-76.5464172,185.151672,226.399597],"rotationMatrix":[-0.997723997,-0.0674268901,0,0.0674268901,-0.997723997,0,0,0,1],"scale":1,"type":"utah2_rock_big_2_b_top"}
{"pos":[-98.9546356,185.703751,226.40123],"rotationMatrix":[-0.97514528,0.221569002,0,-0.221569002,-0.97514528,0,0,0,1],"scale":1,"type":"utah2_rock_big_2_b_top"}
{"pos":[-104.915375,186.846024,227.641754],"rotationMatrix":[0.981605411,-0.190916628,0,0.190916628,0.981605411,0,0,0,1],"scale":1,"type":"utah2_rock_big_2_b_top"}
{"pos":[-108.913223,190.754852,228.610168],"rotationMatrix":[-0.987690806,0.15641883,0,-0.15641883,-0.987690806,0,0,0,1],"scale":1,"type":"utah2_rock_big_2_b_top"}
{"pos":[-113.852806,191.368118,229.311981],"rotationMatrix":[0.996594906,-0.0824481919,0,0.0824481919,0.996594906,0,0,0,1],"scale":1,"type":"utah2_rock_big_2_b_top"}
{"pos":[-120.112709,191.692551,229.23587],"rotationMatrix":[0.999999583,-0.00148756802,0,0.00148756802,0.999999583,0,0,0,1],"scale":1,"type":"utah2_rock_big_2_b_top"}
{"pos":[-128.21637,194.825089,229.160294],"rotationMatrix":[0.731445491,-0.681900382,0,0.681900382,0.731445491,0,0,0,1],"scale":1,"type":"utah2_rock_big_2_b_top"}
{"pos":[-137.599854,201.128738,229.231979],"rotationMatrix":[0.761657417,-0.647980034,0,0.647980034,0.761657417,0,0,0,1],"scale":1,"type":"utah2_rock_big_2_b_top"}
{"pos":[-144.800201,203.448792,229.117538],"rotationMatrix":[0.879045606,-0.476737499,0,0.476737499,0.879045606,0,0,0,1],"scale":1,"type":"utah2_rock_big_2_b_top"}
{"pos":[-151.576523,209.364441,229.121307],"rotationMatrix":[0.71399045,-0.700156331,0,0.700156331,0.71399045,0,0,0,1],"scale":1,"type":"utah2_rock_big_2_b_top"}
{"pos":[-159.014328,215.678253,228.973328],"rotationMatrix":[0.548896074,-0.835890472,0,0.835890472,0.548896074,0,0,0,1],"scale":1,"type":"utah2_rock_big_2_b_top"}
{"pos":[-147.767654,209.085281,229.904175],"rotationMatrix":[-0.512480676,0.858698368,0,-0.858698368,-0.512480676,0,0,0,1],"scale":1,"type":"utah2_rock_big_2_b_top"}
{"pos":[-141.110443,205.839676,230.024185],"rotationMatrix":[-0.919378698,0.393374562,0,-0.393374562,-0.919378698,0,0,0,1],"scale":1,"type":"utah2_rock_big_2_b_top"}
{"pos":[-245.247543,274.276581,229.958252],"rotationMatrix":[0.937569141,-0.347799212,0,0.347799212,0.937569141,0,0,0,1],"scale":1,"type":"utah2_rock_big_2_b_top"}
{"pos":[-253.208649,277.140198,229.924728],"rotationMatrix":[0.93616271,-0.351566792,0,0.351566792,0.93616271,0,0,0,1],"scale":1,"type":"utah2_rock_big_2_b_top"}
{"pos":[-260.961761,278.580566,229.885361],"rotationMatrix":[-0.975066483,-0.221912012,0,0.221912012,-0.975066483,0,0,0,1],"scale":1,"type":"utah2_rock_big_2_b_top"}
{"pos":[-269.379608,276.616119,229.812744],"rotationMatrix":[-0.992182732,-0.124788821,0,0.124788821,-0.992182732,0,0,0,1],"scale":1,"type":"utah2_rock_big_2_b_top"}
{"pos":[-279.184723,272.20813,229.852005],"rotationMatrix":[0.888033926,0.459777236,0,-0.459777236,0.888033926,0,0,0,1],"scale":1,"type":"utah2_rock_big_2_b_top"}
{"pos":[-285.634583,261.369232,229.87291],"rotationMatrix":[0.168230966,0.98574847,0,-0.98574847,0.168230966,0,0,0,1],"scale":1,"type":"utah2_rock_big_2_b_top"}
{"pos":[-285.212708,253.441879,229.880997],"rotationMatrix":[-0.124570712,0.992210865,0,-0.992210865,-0.124570712,0,0,0,1],"scale":1,"type":"utah2_rock_big_2_b_top"}
{"pos":[-286.826691,245.295609,229.858292],"rotationMatrix":[0.512132883,0.858906388,0,-0.858906388,0.512132883,0,0,0,1],"scale":1,"type":"utah2_rock_big_2_b_top"}
{"pos":[-286.070435,238.914581,229.094101],"rotationMatrix":[-0.0294857081,0.999565184,0,-0.999565184,-0.0294857081,0,0,0,1],"scale":1,"type":"utah2_rock_big_2_b_top"}
{"pos":[-283.760376,230.131607,229.015976],"rotationMatrix":[-0.197384834,0.980326056,0,-0.980326056,-0.197384834,0,0,0,1],"scale":1,"type":"utah2_rock_big_2_b_top"}
{"pos":[-286.65802,222.498413,229.582336],"rotationMatrix":[0.823819578,0.566851854,0,-0.566851854,0.823819578,0,0,0,1],"scale":1,"type":"utah2_rock_big_2_b_top"}
{"pos":[-294.74054,219.378326,229.533905],"rotationMatrix":[-0.93235451,-0.361544788,0,0.361544788,-0.93235451,0,0,0,1],"scale":1,"type":"utah2_rock_big_2_b_top"}
{"pos":[-303.420197,215.788177,229.483322],"rotationMatrix":[-0.944326043,-0.329010665,0,0.329010665,-0.944326043,0,0,0,1],"scale":1,"type":"utah2_rock_big_2_b_top"}
{"pos":[-289.841339,224.74205,230.891449],"rotationMatrix":[-0.848089516,-0.529852867,0,0.529852867,-0.848089516,0,0,0,1],"scale":1,"type":"utah2_rock_big_2_b_top"}
{"pos":[-312.393433,207.17804,229.576279],"rotationMatrix":[0.499927431,0.866067231,0,-0.866067231,0.499927431,0,0,0,1],"scale":1,"type":"utah2_rock_big_2_b_top"}
{"pos":[-316.917358,199.706726,229.59613],"rotationMatrix":[0.657526135,0.753431082,0,-0.753431082,0.657526135,0,0,0,1],"scale":1,"type":"utah2_rock_big_2_b_top"}
{"pos":[-316.185669,192.377853,229.638382],"rotationMatrix":[-0.513718426,0.857958794,0,-0.857958794,-0.513718426,0,0,0,1],"scale":1,"type":"utah2_rock_big_2_b_top"}
{"pos":[-311.353271,185.176758,229.663773],"rotationMatrix":[-0.648959696,0.760822773,0,-0.760822773,-0.648959696,0,0,0,1],"scale":1,"type":"utah2_rock_big_2_b_top"}
{"pos":[-307.250854,177.88324,229.622543],"rotationMatrix":[0.622581422,-0.782555759,0,0.782555759,0.622581422,0,0,0,1],"scale":1,"type":"utah2_rock_big_2_b_top"}
{"pos":[-300.907318,171.859131,229.706711],"rotationMatrix":[-0.637967885,0.770062864,0,-0.770062864,-0.637967885,0,0,0,1],"scale":1,"type":"utah2_rock_big_2_b_top"}
{"pos":[-297.131378,164.913452,229.59111],"rotationMatrix":[0.509611547,-0.860405326,0,0.860405326,0.509611547,0,0,0,1],"scale":1,"type":"utah2_rock_big_2_b_top"}
{"pos":[-291.500977,157.484711,229.502151],"rotationMatrix":[0.461148232,-0.887323737,0,0.887323737,0.461148232,0,0,0,1],"scale":1,"type":"utah2_rock_big_2_b_top"}
{"pos":[-285.653778,153.85611,228.870987],"rotationMatrix":[-0.481879294,0.87623781,0,-0.87623781,-0.481879294,0,0,0,1],"scale":1,"type":"utah2_rock_big_2_b_top"}
{"pos":[-285.1362,138.622009,228.266388],"rotationMatrix":[0.866027772,0.497000426,-0.0546548292,-0.497744441,0.867324173,0,0.0474034548,0.0272041354,0.998505235],"scale":1,"type":"utah2_rock_big_2_b_top"}
{"pos":[-290.338104,137.91748,229.381363],"rotationMatrix":[-0.656883299,-0.753992558,0,0.753992558,-0.656883299,0,0,0,1],"scale":1,"type":"utah2_rock_big_2_b_top"}
{"pos":[-296.116302,132.026657,229.876831],"rotationMatrix":[-0.506788492,-0.862069964,0,0.862069964,-0.506788492,0,0,0,1],"scale":1,"type":"utah2_rock_big_2_b_top"}
{"pos":[-298.501923,125.693001,229.856155],"rotationMatrix":[-0.227440596,-0.973791838,0,0.973791838,-0.227440596,0,0,0,1],"scale":1,"type":"utah2_rock_big_2_b_top"}
{"pos":[-301.297394,116.884888,229.72374],"rotationMatrix":[0.598706365,0.800968587,0,-0.800968587,0.598706365,0,0,0,1],"scale":1,"type":"utah2_rock_big_2_b_top"}
{"pos":[-305.989807,112.228523,229.638351],"rotationMatrix":[-0.746186852,-0.66573745,0,0.66573745,-0.746186852,0,0,0,1],"scale":1,"type":"utah2_rock_big_2_b_top"}
{"pos":[-305.650269,110.214348,228.606903],"rotationMatrix":[-0.762827814,-0.646601975,0,0.646601975,-0.762827814,0,0,0,1],"scale":1,"type":"utah2_rock_big_2_b_top"}
{"pos":[-300.717651,116.297455,228.477936],"rotationMatrix":[0.0881562084,0.996106744,0,-0.996106744,0.0881562084,0,0,0,1],"scale":1,"type":"utah2_rock_big_2_b_top"}
{"pos":[-308.022217,106.072266,227.628174],"rotationMatrix":[-0.646507859,-0.762908101,0,0.762908101,-0.646507859,0,0,0,1],"scale":1,"type":"utah2_rock_big_2_b_top"}
{"pos":[-310.507904,84.7836609,229.640594],"rotationMatrix":[-0.999186695,-0.0403205529,0,0.0403205529,-0.999186695,0,0,0,1],"scale":1,"type":"utah2_rock_big_2_b_top"}
{"pos":[-318.849548,85.9038849,229.721603],"rotationMatrix":[-0.974309802,0.225211009,0,-0.225211009,-0.974309802,0,0,0,1],"scale":1,"type":"utah2_rock_big_2_b_top"}
{"pos":[-325.668854,85.4311905,229.593582],"rotationMatrix":[-0.984245002,0.176803768,0,-0.176803768,-0.984245002,0,0,0,1],"scale":1,"type":"utah2_rock_big_2_b_top"}
{"pos":[-335.191864,81.7603302,229.666458],"rotationMatrix":[0.684028089,0.729103804,0.0226225927,-0.729291677,0.684202135,7.13965856e-05,-0.0154263806,-0.0165473111,0.999744058],"scale":1,"type":"utah2_rock_big_2_b_top"}
{"pos":[-342.598083,80.198082,229.581055],"rotationMatrix":[-0.942028165,0.335533857,0,-0.335533857,-0.942028165,0,0,0,1],"scale":1,"type":"utah2_rock_big_2_b_top"}
{"pos":[-354.741455,79.7563477,229.484802],"rotationMatrix":[0.991152823,-0.132722288,0,0.132722288,0.991152823,0,0,0,1],"scale":1,"type":"utah2_rock_big_2_b_top"}
{"pos":[-362.534607,80.5243225,229.508102],"rotationMatrix":[-0.972253263,-0.233927429,0,0.233927429,-0.972253263,0,0,0,1],"scale":1,"type":"utah2_rock_big_2_b_top"}
{"pos":[-369.074097,76.5014191,228.568268],"rotationMatrix":[0.969225585,0.246174395,0,-0.246174395,0.969225585,0,0,0,1],"scale":1,"type":"utah2_rock_big_2_b_top"}
{"pos":[-370.432373,74.4155807,227.383713],"rotationMatrix":[-0.889797509,-0.456356436,0,0.456356436,-0.889797509,0,0,0,1],"scale":1,"type":"utah2_rock_big_2_b_top"}
{"pos":[-378.420746,71.7632904,227.309631],"rotationMatrix":[0.98762244,-0.156855687,0,0.156855687,0.98762244,0,0,0,1],"scale":1,"type":"utah2_rock_big_2_b_top"}
{"pos":[-385.248444,70.6722641,227.305588],"rotationMatrix":[0.988462925,0.151460722,0,-0.151460722,0.988462925,0,0,0,1],"scale":1,"type":"utah2_rock_big_2_b_top"}
{"pos":[-393.277863,73.5297699,227.329941],"rotationMatrix":[0.782688439,-0.622414231,0,0.622414231,0.782688439,0,0,0,1],"scale":1,"type":"utah2_rock_big_2_b_top"}
{"pos":[-395.542084,76.6650009,228.227936],"rotationMatrix":[-0.99717325,0.0751359165,0,-0.0751359165,-0.99717325,0,0,0,1],"scale":1,"type":"utah2_rock_big_2_b_top"}
{"pos":[-403.82959,79.5526657,228.359421],"rotationMatrix":[-0.855147123,0.518385708,0,-0.518385708,-0.855147123,0,0,0,1],"scale":1,"type":"utah2_rock_big_2_b_top"}
{"pos":[-399.813629,78.6593246,229.247833],"rotationMatrix":[0.9942348,-0.107216135,0,0.107216135,0.9942348,0,0,0,1],"scale":1,"type":"utah2_rock_big_2_b_top"}
{"pos":[-407.947327,81.1291428,229.351501],"rotationMatrix":[0.896886289,-0.442259818,0,0.442259818,0.896886289,0,0,0,1],"scale":1,"type":"utah2_rock_big_2_b_top"}
{"pos":[-415.276733,83.3223267,229.409714],"rotationMatrix":[0.939505994,-0.342531621,0,0.342531621,0.939505994,0,0,0,1],"scale":1,"type":"utah2_rock_big_2_b_top"}
{"pos":[-422.575012,86.8935852,229.437027],"rotationMatrix":[-0.95181793,0.306666434,0,-0.306666434,-0.95181793,0,0,0,1],"scale":1,"type":"utah2_rock_big_2_b_top"}
{"pos":[-431.349457,89.0342026,229.412552],"rotationMatrix":[-0.93749404,0.347999811,0,-0.347999811,-0.93749404,0,0,0,1],"scale":1,"type":"utah2_rock_big_2_b_top"}
{"pos":[-337.426331,83.458168,230.854782],"rotationMatrix":[-0.639813185,-0.76853013,0,0.76853013,-0.639813185,0,0,0,1],"scale":1,"type":"utah2_rock_big_2_b_top"}
{"pos":[-343.504242,82.5853653,230.83786],"rotationMatrix":[-0.930808902,0.365506947,0,-0.365506947,-0.930808902,0,0,0,1],"scale":1,"type":"utah2_rock_big_2_b_top"}
{"pos":[-330.967834,86.8717728,230.865799],"rotationMatrix":[0.993594766,0.113012441,0,-0.113012441,0.993594766,0,0,0,1],"scale":1,"type":"utah2_rock_big_2_b_top"}
{"pos":[-461.203369,96.4857635,229.72084],"rotationMatrix":[0.892070293,-0.451896548,0,0.451896548,0.892070293,0,0,0,1],"scale":1,"type":"utah2_rock_big_2_b_top"}
{"pos":[-469.296387,99.0488739,229.068542],"rotationMatrix":[-0.997036815,0.0769297481,0,-0.0769297481,-0.997036815,0,0,0,1],"scale":1,"type":"utah2_rock_big_2_b_top"}
{"pos":[-477.92868,99.4834671,229.241287],"rotationMatrix":[0.985494256,-0.157282978,-0.063737914,0.157603472,0.987502396,0,0.0629413202,-0.010045317,0.99796629],"scale":1,"type":"utah2_rock_big_2_b_top"}
{"pos":[-486.210571,101.362007,229.45842],"rotationMatrix":[-0.991703749,0.128548279,0,-0.128548279,-0.991703749,0,0,0,1],"scale":1,"type":"utah2_rock_big_2_b_top"}
{"pos":[-494.925476,99.9278412,229.470184],"rotationMatrix":[0.997797012,0.0663491711,0,-0.0663491711,0.997797012,0,0,0,1],"scale":1,"type":"utah2_rock_big_2_b_top"}
{"pos":[-384.061554,72.4956818,224.372208],"rotationMatrix":[-0.979709685,-0.200420395,0,0.200420395,-0.979709685,0,0,0,1],"scale":1.66281116,"type":"utah2_rock_big_2_b_top"}
{"pos":[551.298279,-603.90979,135.605942],"rotationMatrix":[-0.619492233,0.785002768,0,-0.785002768,-0.619492233,0,0,0,1],"scale":1,"type":"utah2_rock_big_2_b_top"}
{"pos":[-502.593719,98.8017807,229.49794],"rotationMatrix":[0.967410028,-0.253214538,0,0.253214538,0.967410028,0,0,0,1],"scale":1,"type":"utah2_rock_big_2_b_top"}
{"pos":[-512.130737,92.254921,229.652985],"rotationMatrix":[0.202456757,-0.979291558,0,0.979291558,0.202456757,0,0,0,1],"scale":1,"type":"utah2_rock_big_2_b_top"}
{"pos":[-509.909424,82.9787216,229.590866],"rotationMatrix":[0.190538988,-0.981679738,0,0.981679738,0.190538988,0,0,0,1],"scale":1,"type":"utah2_rock_big_2_b_top"}
{"pos":[-507.009216,75.0776215,229.542084],"rotationMatrix":[-0.239408374,0.970918536,0,-0.970918536,-0.239408374,0,0,0,1],"scale":1,"type":"utah2_rock_big_2_b_top"}
{"pos":[-504.815948,65.988884,229.476929],"rotationMatrix":[0.50233829,-0.86467123,0,0.86467123,0.50233829,0,0,0,1],"scale":1,"type":"utah2_rock_big_2_b_top"}
{"pos":[-498.659821,58.7087479,229.384537],"rotationMatrix":[-0.501656532,0.865066588,0,-0.865066588,-0.501656532,0,0,0,1],"scale":1,"type":"utah2_rock_big_2_b_top"}
{"pos":[-494.37262,51.1857185,229.446426],"rotationMatrix":[0.699743688,-0.714393795,0,0.714393795,0.699743688,0,0,0,1],"scale":1,"type":"utah2_rock_big_2_b_top"}
{"pos":[-484.98587,43.4617615,229.50322],"rotationMatrix":[-0.583425343,0.812166393,0,-0.812166393,-0.583425343,0,0,0,1],"scale":1,"type":"utah2_rock_big_2_b_top"}
{"pos":[-475.892334,38.0300102,229.399536],"rotationMatrix":[0.981718183,-0.190339223,0,0.190339223,0.981718183,0,0,0,1],"scale":1,"type":"utah2_rock_big_2_b_top"}
{"pos":[-468.039276,38.0716209,229.446793],"rotationMatrix":[-0.999923885,-0.0123434439,0,0.0123434439,-0.999923885,0,0,0,1],"scale":1,"type":"utah2_rock_big_2_b_top"}
{"pos":[-459.787994,34.5054512,229.270447],"rotationMatrix":[-0.739949405,0.672662556,0,-0.672662556,-0.739949405,0,0,0,1],"scale":1,"type":"utah2_rock_big_2_b_top"}
{"pos":[-454.328766,28.7257843,229.518402],"rotationMatrix":[-0.575216591,0.816165447,-0.0547745824,-0.817392468,-0.576081395,0,-0.0315546133,0.0447723307,0.998498857],"scale":1,"type":"utah2_rock_big_2_b_top"}
{"pos":[-448.392731,24.66889,229.641052],"rotationMatrix":[-0.866529346,0.499126852,0,-0.499126852,-0.866529346,0,0,0,1],"scale":1,"type":"utah2_rock_big_2_b_top"}
{"pos":[-442.909485,18.9544735,229.522675],"rotationMatrix":[0.703357995,-0.710835397,0,0.710835397,0.703357995,0,0,0,1],"scale":1,"type":"utah2_rock_big_2_b_top"}
{"pos":[-436.495056,12.366601,229.491394],"rotationMatrix":[-0.366871744,0.930271924,0,-0.930271924,-0.366871744,0,0,0,1],"scale":1,"type":"utah2_rock_big_2_b_top"}
{"pos":[-434.449219,9.69222832,228.270554],"rotationMatrix":[0.567005157,-0.823715031,0,0.823715031,0.567005157,0,0,0,1],"scale":1,"type":"utah2_rock_big_2_b_top"}
{"pos":[-424.709839,-34.8686371,227.868835],"rotationMatrix":[-0.438362658,-0.898798108,0,0.898798108,-0.438362658,0,0,0,1],"scale":1,"type":"utah2_rock_big_2_b_top"}
{"pos":[-428.930786,-35.3398666,229.694031],"rotationMatrix":[-0.173549995,-0.984824717,0,0.984824717,-0.173549995,0,0,0,1],"scale":1,"type":"utah2_rock_big_2_b_top"}
{"pos":[-426.177338,-35.6834183,228.750748],"rotationMatrix":[0.123020723,0.992403746,0,-0.992403746,0.123020723,0,0,0,1],"scale":1,"type":"utah2_rock_big_2_b_top"}
{"pos":[-424.858093,-42.712532,227.826477],"rotationMatrix":[0.240287259,0.970702052,0,-0.970702052,0.240287259,0,0,0,1],"scale":1,"type":"utah2_rock_big_2_b_top"}
{"pos":[-429.451111,-53.4903717,229.667938],"rotationMatrix":[0.237232745,-0.971452951,0,0.971452951,0.237232745,0,0,0,1],"scale":1,"type":"utah2_rock_big_2_b_top"}
{"pos":[-427.625946,-60.6588821,229.735947],"rotationMatrix":[-0.15203774,0.988374233,0,-0.988374233,-0.15203774,0,0,0,1],"scale":1,"type":"utah2_rock_big_2_b_top"}
{"pos":[-424.773346,-67.9653397,229.73526],"rotationMatrix":[-0.393348843,0.919389248,0,-0.919389248,-0.393348843,0,0,0,1],"scale":1,"type":"utah2_rock_big_2_b_top"}
{"pos":[-419.559906,-70.1893539,227.781174],"rotationMatrix":[-0.584830046,0.811155379,0,-0.811155379,-0.584830046,0,0,0,1],"scale":1,"type":"utah2_rock_big_2_b_top"}
{"pos":[-424.553467,-63.0793686,227.784317],"rotationMatrix":[0.396985173,-0.917826116,0,0.917826116,0.396985173,0,0,0,1],"scale":1,"type":"utah2_rock_big_2_b_top"}
{"pos":[-416.389465,-77.9453735,227.751343],"rotationMatrix":[0.38998723,-0.920821071,0,0.920821071,0.38998723,0,0,0,1],"scale":1,"type":"utah2_rock_big_2_b_top"}
{"pos":[-448.477356,-114.88662,227.154556],"rotationMatrix":[0.805178523,0.593032062,0,-0.593032062,0.805178523,0,0,0,1],"scale":1,"type":"utah2_rock_big_2_b_top"}
{"pos":[-456.356354,-117.788559,227.663528],"rotationMatrix":[-0.923819065,-0.382828683,0,0.382828683,-0.923819065,0,0,0,1],"scale":1,"type":"utah2_rock_big_2_b_top"}
{"pos":[-486.009338,-121.206879,227.589828],"rotationMatrix":[0.997877061,0.0651270524,0,-0.0651270524,0.997877061,0,0,0,1],"scale":1,"type":"utah2_rock_big_2_b_top"}
{"pos":[-494.268616,-119.161598,227.575211],"rotationMatrix":[-0.969142139,0.246503145,0,-0.246503145,-0.969142139,0,0,0,1],"scale":1,"type":"utah2_rock_big_2_b_top"}
{"pos":[-489.707336,-116.598045,228.803391],"rotationMatrix":[-0.254207909,-0.967149675,0,0.967149675,-0.254207909,0,0,0,1],"scale":1,"type":"utah2_rock_big_2_b_top"}
{"pos":[-502.936707,-119.960503,227.61145],"rotationMatrix":[0.976139545,0.217144474,0,-0.217144474,0.976139545,0,0,0,1],"scale":1,"type":"utah2_rock_big_2_b_top"}
{"pos":[-506.901337,-122.622177,227.636276],"rotationMatrix":[0.919151545,0.393905163,0,-0.393905163,0.919151545,0,0,0,1],"scale":1,"type":"utah2_rock_big_2_b_top"}
{"pos":[-535.100037,-130.933197,227.778519],"rotationMatrix":[0.79698801,-0.603994787,0,0.603994787,0.79698801,0,0,0,1],"scale":1,"type":"utah2_rock_big_2_b_top"}
{"pos":[-541.049561,-130.563843,227.823593],"rotationMatrix":[0.999934793,0.0114116278,0,-0.0114116278,0.999934793,0,0,0,1],"scale":1,"type":"utah2_rock_big_2_b_top"}
{"pos":[-548.251221,-132.760361,227.844086],"rotationMatrix":[0.943959057,0.330062151,0,-0.330062151,0.943959057,0,0,0,1],"scale":1,"type":"utah2_rock_big_2_b_top"}
{"pos":[-524.687195,-131.326721,228.712296],"rotationMatrix":[-0.968086481,0.25061366,0,-0.25061366,-0.968086481,0,0,0,1],"scale":1,"type":"utah2_rock_big_2_b_top"}
{"pos":[-545.937805,-127.849472,229.132492],"rotationMatrix":[-0.924505413,-0.381168813,0,0.381168813,-0.924505413,0,0,0,1],"scale":1,"type":"utah2_rock_big_2_b_top"}
{"pos":[-549.377502,-135.064545,227.173203],"rotationMatrix":[0.887195647,0.461393803,0,-0.461393803,0.887195647,0,0,0,1],"scale":1,"type":"utah2_rock_big_2_b_top"}
{"pos":[-538.617371,-130.830963,227.19635],"rotationMatrix":[-0.999998271,0.00148328766,0,-0.00148328766,-0.999998271,0,0,0,1],"scale":1,"type":"utah2_rock_big_2_b_top"}
{"pos":[-501.141449,-116.573044,228.586273],"rotationMatrix":[-0.993464589,-0.114138767,0,0.114138767,-0.993464589,0,0,0,1],"scale":1,"type":"utah2_rock_big_2_b_top"}
{"pos":[-494.04425,-117.919586,228.685287],"rotationMatrix":[0.944317102,-0.329036653,0,0.329036653,0.944317102,0,0,0,1],"scale":1,"type":"utah2_rock_big_2_b_top"}
{"pos":[-615.110657,-116.655823,226.995514],"rotationMatrix":[-0.413592279,0.910462022,0,-0.910462022,-0.413592279,0,0,0,1],"scale":1,"type":"utah2_rock_big_2_b_top"}
{"pos":[-613.426758,-113.523384,229.674713],"rotationMatrix":[0.484677732,-0.8746925,0,0.8746925,0.484677732,0,0,0,1],"scale":1,"type":"utah2_rock_big_2_b_top"}
{"pos":[-616.641052,-105.923073,229.588058],"rotationMatrix":[0.537482977,-0.843274355,0,0.843274355,0.537482977,0,0,0,1],"scale":1,"type":"utah2_rock_big_2_b_top"}
{"pos":[-622.374512,-99.9662933,229.523148],"rotationMatrix":[0.563166678,-0.826343238,0,0.826343238,0.563166678,0,0,0,1],"scale":1,"type":"utah2_rock_big_2_b_top"}
{"pos":[-633.83905,-96.8181076,229.437592],"rotationMatrix":[0.90894562,-0.416914731,0,0.416914731,0.90894562,0,0,0,1],"scale":1,"type":"utah2_rock_big_2_b_top"}
{"pos":[-649.083618,-99.6276093,229.656952],"rotationMatrix":[0.670535207,-0.741877675,0,0.741877675,0.670535207,0,0,0,1],"scale":1,"type":"utah2_rock_big_2_b_top"}
{"pos":[-649.85083,-105.196808,229.449051],"rotationMatrix":[0.830949306,0.55634892,0,-0.55634892,0.830949306,0,0,0,1],"scale":1,"type":"utah2_rock_big_2_b_top"}
{"pos":[-654.837769,-111.03112,229.339447],"rotationMatrix":[-0.234581366,-0.972095668,0,0.972095668,-0.234581366,0,0,0,1],"scale":1,"type":"utah2_rock_big_2_b_top"}
{"pos":[-652.078796,-118.233208,229.323944],"rotationMatrix":[-0.504904747,0.863175094,0,-0.863175094,-0.504904747,0,0,0,1],"scale":1,"type":"utah2_rock_big_2_b_top"}
{"pos":[-647.955383,-125.274414,229.407791],"rotationMatrix":[0.722339988,-0.691537976,0,0.691537976,0.722339988,0,0,0,1],"scale":1,"type":"utah2_rock_big_2_b_top"}
{"pos":[-643.448669,-132.336975,229.520828],"rotationMatrix":[0.0828899518,0.996558726,0,-0.996558726,0.0828899518,0,0,0,1],"scale":1,"type":"utah2_rock_big_2_b_top"}
{"pos":[-647.107544,-138.624939,230.07016],"rotationMatrix":[0.820616841,0.571477532,0,-0.571477532,0.820616841,0,0,0,1],"scale":1,"type":"utah2_rock_big_2_b_top"}
{"pos":[-655.416382,-139.018753,229.93277],"rotationMatrix":[-0.9985708,0.053435076,0,-0.053435076,-0.9985708,0,0,0,1],"scale":1,"type":"utah2_rock_big_2_b_top"}
{"pos":[-660.741577,-156.073837,229.171051],"rotationMatrix":[-0.309515357,0.950894356,0,-0.950894356,-0.309515357,0,0,0,1],"scale":1,"type":"utah2_rock_big_2_b_top"}
{"pos":[-659.56427,-164.029831,229.312836],"rotationMatrix":[0.281172782,-0.959657013,0,0.959657013,0.281172782,0,0,0,1],"scale":1,"type":"utah2_rock_big_2_b_top"}
{"pos":[-655.79071,-172.266983,229.344482],"rotationMatrix":[-0.358767956,0.933426201,0,-0.933426201,-0.358767956,0,0,0,1],"scale":1,"type":"utah2_rock_big_2_b_top"}
{"pos":[-607.246033,-106.501884,233.865692],"rotationMatrix":[0.0507800691,-0.998709679,0,0.998709679,0.0507800691,0,0,0,1],"scale":0.800396323,"type":"utah2_rock_big_2_b_top"}
{"pos":[-607.2052,-106.911407,232.728958],"rotationMatrix":[-0.200527683,0.979687989,0,-0.979687989,-0.200527683,0,0,0,1],"scale":1,"type":"utah2_rock_big_2_b_top"}
{"pos":[-611.728088,-105.013947,231.517593],"rotationMatrix":[0.0827361196,-0.996571481,0,0.996571481,0.0827361196,0,0,0,1],"scale":0.607390761,"type":"utah2_rock_big_2_b_top"}
{"pos":[-612.552124,-108.299438,230.761597],"rotationMatrix":[0.250614047,-0.968087196,0,0.968087196,0.250614047,0,0,0,1],"scale":0.600476503,"type":"utah2_rock_big_2_b_top"}
{"pos":[-605.119873,-102.316437,236.310394],"rotationMatrix":[0.995321035,0.0966258422,0,-0.0966258422,0.995321035,0,0,0,1],"scale":0.676759124,"type":"utah2_rock_big_2_b_top"}
{"pos":[-603.32605,-108.081886,235.5858],"rotationMatrix":[-0.902432263,-0.430831671,0,0.430831671,-0.902432263,0,0,0,1],"scale":1,"type":"utah2_rock_big_2_b_top"}
{"pos":[-437.632721,-42.742588,234.023392],"rotationMatrix":[0.357587695,0.933879495,0,-0.933879495,0.357587695,0,0,0,1],"scale":1,"type":"utah2_rock_big_2_b_top"}
{"pos":[-437.496887,-50.4352646,233.420685],"rotationMatrix":[-0.484616518,0.874726772,0,-0.874726772,-0.484616518,0,0,0,1],"scale":1,"type":"utah2_rock_big_2_b_top"}
{"pos":[-436.181244,-47.5136833,232.802124],"rotationMatrix":[-0.120837942,0.992671371,0,-0.992671371,-0.120837942,0,0,0,1],"scale":1,"type":"utah2_rock_big_2_b_top"}
{"pos":[-442.826752,-44.9972229,235.849503],"rotationMatrix":[0.991903484,0.126992777,0,-0.126992777,0.991903484,0,0,0,1],"scale":1,"type":"utah2_rock_big_2_b_top"}
{"pos":[-434.925873,-50.0083389,232.083832],"rotationMatrix":[0.183939144,-0.982938051,0,0.982938051,0.183939144,0,0,0,1],"scale":1,"type":"utah2_rock_big_2_b_top"}
{"pos":[-431.875885,-55.1376953,231.091568],"rotationMatrix":[-0.002823608,0.999995947,0,-0.999995947,-0.002823608,0,0,0,1],"scale":1,"type":"utah2_rock_big_2_b_top"}
{"pos":[-442.360931,-53.7961807,235.425156],"rotationMatrix":[0.958480537,0.28515777,0,-0.28515777,0.958480537,0,0,0,1],"scale":1,"type":"utah2_rock_big_2_b_top"}
{"pos":[-422.886353,-12.9487486,229.377289],"rotationMatrix":[0.932224154,-0.361881435,0,0.361881435,0.932224154,0,0,0,1],"scale":1,"type":"utah2_rock_big_2_b_top"}
{"pos":[-702.595337,-233.321335,227.119034],"rotationMatrix":[0.999907315,0.0136135826,0,-0.0136135826,0.999907315,0,0,0,1],"scale":1,"type":"utah2_rock_big_2_b_top"}
{"pos":[-710.767517,-233.916229,227.040283],"rotationMatrix":[-0.957014561,-0.29003796,0,0.29003796,-0.957014561,0,0,0,1],"scale":1,"type":"utah2_rock_big_2_b_top"}
{"pos":[-718.396606,-237.823151,227.035263],"rotationMatrix":[-0.908647895,-0.41756314,0,0.41756314,-0.908647895,0,0,0,1],"scale":1,"type":"utah2_rock_big_2_b_top"}
{"pos":[-725.932861,-242.612488,226.510269],"rotationMatrix":[0.843515217,0.537105858,0,-0.537105858,0.843515217,0,0,0,1],"scale":1,"type":"utah2_rock_big_2_b_top"}
{"pos":[-605.879517,-136.512878,229.081329],"rotationMatrix":[-0.0249799322,-0.999688685,0,0.999688685,-0.0249799322,0,0,0,1],"scale":1,"type":"utah2_rock_big_2_b_top"}
{"pos":[-608.248291,-134.273483,229.005859],"rotationMatrix":[0.21456264,-0.976710916,0,0.976710916,0.21456264,0,0,0,1],"scale":1,"type":"utah2_rock_big_2_b_top"}
{"pos":[-601.112427,-136.544922,228.583633],"rotationMatrix":[-0.762354791,-0.647159338,0,0.647159338,-0.762354791,0,0,0,1],"scale":1,"type":"utah2_rock_big_2_b_top"}
{"pos":[-654.200867,-170.71962,227.731506],"rotationMatrix":[0.599072874,-0.800695002,0,0.800695002,0.599072874,0,0,0,1],"scale":1,"type":"utah2_rock_big_2_b_top"}
{"pos":[-652.822449,-167.079559,227.14682],"rotationMatrix":[-0.412101567,0.911138117,0,-0.911138117,-0.412101567,0,0,0,1],"scale":1,"type":"utah2_rock_big_2_b_top"}
{"pos":[-638.951721,-221.446075,230.394363],"rotationMatrix":[0.999983907,-0.00560903829,0,0.00560903829,0.999983907,0,0,0,1],"scale":1,"type":"utah2_rock_big_2_b_top"}
{"pos":[-672.761353,-241.910919,228.664505],"rotationMatrix":[0.348560303,-0.937286139,0,0.937286139,0.348560303,0,0,0,1],"scale":1,"type":"utah2_rock_big_2_b_top"}
{"pos":[-665.974792,-244.943161,228.724045],"rotationMatrix":[-0.991649926,-0.12895982,0,0.12895982,-0.991649926,0,0,0,1],"scale":1,"type":"utah2_rock_big_2_b_top"}
{"pos":[-665.991211,-244.444092,229.707916],"rotationMatrix":[0.997257233,-0.074013941,0,0.074013941,0.997257233,0,0,0,1],"scale":1,"type":"utah2_rock_big_2_b_top"}
{"pos":[-671.548218,-239.205276,229.585571],"rotationMatrix":[-0.394295037,0.918983877,0,-0.918983877,-0.394295037,0,0,0,1],"scale":1,"type":"utah2_rock_big_2_b_top"}
{"pos":[-662.064819,-247.471695,228.544418],"rotationMatrix":[-0.908607781,0.417650342,0,-0.417650342,-0.908607781,0,0,0,1],"scale":1,"type":"utah2_rock_big_2_b_top"}
{"pos":[-744.373352,-254.386108,229.865616],"rotationMatrix":[0.828071952,0.560621738,0,-0.560621738,0.828071952,0,0,0,1],"scale":1,"type":"utah2_rock_big_2_b_top"}
{"pos":[-740.817322,-247.151352,229.791779],"rotationMatrix":[-0.120332636,-0.992733955,0,0.992733955,-0.120332636,0,0,0,1],"scale":1,"type":"utah2_rock_big_2_b_top"}
{"pos":[-736.075989,-243.779312,229.233948],"rotationMatrix":[-0.731930971,-0.681378901,0,0.681378901,-0.731930971,0,0,0,1],"scale":1,"type":"utah2_rock_big_2_b_top"}
{"pos":[-729.071777,-239.185608,229.189804],"rotationMatrix":[0.850494325,0.525984585,0,-0.525984585,0.850494325,0,0,0,1],"scale":1,"type":"utah2_rock_big_2_b_top"}
{"pos":[-686.41803,-234.463394,228.361343],"rotationMatrix":[-0.0638461038,-0.997959673,0,0.997959673,-0.0638461038,0,0,0,1],"scale":0.656259298,"type":"utah2_rock_big_2_b_top"}
{"pos":[-490.36557,-115.692612,229.630524],"rotationMatrix":[0.892114818,-0.451809138,0,0.451809138,0.892114818,0,0,0,1],"scale":1,"type":"utah2_rock_big_2_b_top"}
{"pos":[-481.251343,-114.926888,229.653564],"rotationMatrix":[-0.975928724,-0.218091682,0,0.218091682,-0.975928724,0,0,0,1],"scale":1,"type":"utah2_rock_big_2_b_top"}
{"pos":[-447.398499,21.1040688,230.51265],"rotationMatrix":[0.78293252,-0.622106671,0,0.622106671,0.78293252,0,0,0,1],"scale":1,"type":"utah2_rock_big_2_b_top"}
{"pos":[-441.508362,15.1216211,230.461975],"rotationMatrix":[0.587880373,-0.80894804,0,0.80894804,0.587880373,0,0,0,1],"scale":1,"type":"utah2_rock_big_2_b_top"}
{"pos":[144.486206,308.123901,228.202469],"rotationMatrix":[0.386259347,-0.922390163,0,0.922390163,0.386259347,0,0,0,1],"scale":1,"type":"utah2_rock_big_2_b_top"}
{"pos":[140.999054,316.309326,228.163696],"rotationMatrix":[-0.660216689,0.751075089,0,-0.751075089,-0.660216689,0,0,0,1],"scale":1,"type":"utah2_rock_big_2_b_top"}
{"pos":[134.356903,322.931244,228.130524],"rotationMatrix":[0.521215737,-0.853425086,0,0.853425086,0.521215737,0,0,0,1],"scale":1,"type":"utah2_rock_big_2_b_top"}
{"pos":[128.376831,329.348846,228.012939],"rotationMatrix":[0.814967871,-0.579506576,0,0.579506576,0.814967871,0,0,0,1],"scale":1,"type":"utah2_rock_big_2_b_top"}
{"pos":[123.993164,342.359955,228.107117],"rotationMatrix":[-0.227963403,0.973670125,0,-0.973670125,-0.227963403,0,0,0,1],"scale":1,"type":"utah2_rock_big_2_b_top"}
{"pos":[70.1963806,391.639221,225.995026],"rotationMatrix":[0.989432991,-0.144994974,0,0.144994974,0.989432991,0,0,0,1],"scale":1,"type":"utah2_rock_big_2_b_top"}
{"pos":[62.0012779,394.293732,225.98909],"rotationMatrix":[0.946141958,-0.323752761,0,0.323752761,0.946141958,0,0,0,1],"scale":1,"type":"utah2_rock_big_2_b_top"}
{"pos":[53.8183022,398.433014,226.65921],"rotationMatrix":[-0.93749547,0.347997516,0,-0.347997516,-0.93749547,0,0,0,1],"scale":1,"type":"utah2_rock_big_2_b_top"}
