{"pos":[-25.7630997,-88.6613998,153.115997],"rotationMatrix":[-0.275619328,-0.961266875,0,0.961266875,-0.275619328,0,0,0,1],"scale":1.15279996,"type":"utah2_boulder_3"}
{"pos":[-0.517099977,-74.4031982,158.007004],"rotationMatrix":[0.410116434,0.9120332,0,-0.9120332,0.410116434,0,0,0,1],"scale":0.720000029,"type":"utah2_boulder_3"}
{"pos":[-15.8701,-96.889801,149.903],"rotationMatrix":[-0.994654596,0.103258096,0,-0.103258096,-0.994654596,0,0,0,1],"scale":0.742799997,"type":"utah2_boulder_3"}
{"pos":[-4.14389992,-100.920998,148.947006],"rotationMatrix":[0.493605852,-0.869685709,0,0.869685709,0.493605852,0,0,0,1],"scale":0.700699985,"type":"utah2_boulder_3"}
{"pos":[-5.31710005,-98.9950027,149.682999],"rotationMatrix":[-0.625166833,0.780491173,0,-0.780491173,-0.625166833,0,0,0,1],"scale":0.700600028,"type":"utah2_boulder_3"}
{"pos":[-3.7737999,-121.874001,143.774002],"rotationMatrix":[0.0267260075,0.999642789,0,-0.999642789,0.0267260075,0,0,0,1],"scale":0.701099992,"type":"utah2_boulder_3"}
{"pos":[-29.7101002,-96.2608032,150.789001],"rotationMatrix":[-0.952320457,0.305099577,0,-0.305099577,-0.952320457,0,0,0,1],"scale":0.699999988,"type":"utah2_boulder_3"}
{"pos":[-59.8292999,-104.331001,149.317993],"rotationMatrix":[-0.515259802,-0.857034028,0,0.857034028,-0.515259802,0,0,0,1],"scale":0.700299978,"type":"utah2_boulder_3"}
{"pos":[-51.0320015,-97.7858963,150.947998],"rotationMatrix":[0.045809865,0.998950183,0,-0.998950183,0.045809865,0,0,0,1],"scale":0.748399973,"type":"utah2_boulder_3"}
{"pos":[-41.4575005,-108.294998,148.425003],"rotationMatrix":[-0.997320712,0.0731532499,0,-0.0731532499,-0.997320712,0,0,0,1],"scale":0.834800005,"type":"utah2_boulder_3"}
{"pos":[-46.4875984,-108.108002,148.106995],"rotationMatrix":[-0.73864907,0.674090147,0,-0.674090147,-0.73864907,0,0,0,1],"scale":0.756500006,"type":"utah2_boulder_3"}
{"pos":[-101.388,-51.7868004,162.468002],"rotationMatrix":[-0.717987835,0.696055651,0,-0.696055651,-0.717987835,0,0,0,1],"scale":0.699999988,"type":"utah2_boulder_3"}
{"pos":[-83.5771027,-81.6855011,156.097],"rotationMatrix":[0.946922779,0.321461111,0,-0.321461111,0.946922779,0,0,0,1],"scale":0.736599982,"type":"utah2_boulder_3"}
{"pos":[-90.9912033,-99.998497,148.311005],"rotationMatrix":[0.846755385,-0.531982422,0,0.531982422,0.846755385,0,0,0,1],"scale":0.842000008,"type":"utah2_boulder_3"}
{"pos":[-89.2973022,-94.8047028,150.447998],"rotationMatrix":[-0.691914678,0.72197926,0,-0.72197926,-0.691914678,0,0,0,1],"scale":0.701499999,"type":"utah2_boulder_3"}
{"pos":[-115.921997,-68.1379013,156.378998],"rotationMatrix":[-0.939172268,0.343446434,0,-0.343446434,-0.939172268,0,0,0,1],"scale":0.712700009,"type":"utah2_boulder_3"}
{"pos":[-106.878998,-100.089996,149.970001],"rotationMatrix":[-0.249179006,-0.96845746,0,0.96845746,-0.249179006,0,0,0,1],"scale":0.755400002,"type":"utah2_boulder_3"}
{"pos":[-17.7712002,-137.863007,141.462006],"rotationMatrix":[-0.958819568,-0.284015894,0,0.284015894,-0.958819568,0,0,0,1],"scale":0.700999975,"type":"utah2_boulder_3"}
{"pos":[-123.348999,-156.916,139.981003],"rotationMatrix":[-0.758206785,0.652014136,0,-0.652014136,-0.758206785,0,0,0,1],"scale":1.02939999,"type":"utah2_boulder_3"}
{"pos":[-118.307999,-125.496002,144.735992],"rotationMatrix":[0.099856019,-0.995001912,0,0.995001912,0.099856019,0,0,0,1],"scale":0.700100005,"type":"utah2_boulder_3"}
{"pos":[-60.8400002,-164.828995,139],"rotationMatrix":[-0.784683287,0.619896889,0,-0.619896889,-0.784683287,0,0,0,1],"scale":0.734300017,"type":"utah2_boulder_3"}
{"pos":[-61.3838997,-162.227997,138.979004],"rotationMatrix":[0.846653223,0.532145023,0,-0.532145023,0.846653223,0,0,0,1],"scale":0.699999988,"type":"utah2_boulder_3"}
{"pos":[-65.5130005,-164.024002,138.925995],"rotationMatrix":[0.0350669622,0.99938494,0,-0.99938494,0.0350669622,0,0,0,1],"scale":0.699999988,"type":"utah2_boulder_3"}
{"pos":[-64.3834,-162.561996,139.153],"rotationMatrix":[0.299029112,-0.954244018,0,0.954244018,0.299029112,0,0,0,1],"scale":0.7148,"type":"utah2_boulder_3"}
{"pos":[-146.203995,-49.4987984,162.587997],"rotationMatrix":[-0.887100577,0.461576164,0,-0.461576164,-0.887100577,0,0,0,1],"scale":0.700800002,"type":"utah2_boulder_3"}
{"pos":[-153.779007,-100.094002,158.662003],"rotationMatrix":[-0.523146331,0.852242887,0,-0.852242887,-0.523146331,0,0,0,1],"scale":0.959399998,"type":"utah2_boulder_3"}
{"pos":[-146.080994,-93.7779999,158.052994],"rotationMatrix":[0.0787115097,-0.996897459,0,0.996897459,0.0787115097,0,0,0,1],"scale":0.699999988,"type":"utah2_boulder_3"}
{"pos":[-136.354004,-144.910995,142.487],"rotationMatrix":[-0.545915842,0.837840021,0,-0.837840021,-0.545915842,0,0,0,1],"scale":0.760800004,"type":"utah2_boulder_3"}
{"pos":[-172.100998,-165.576996,146.931],"rotationMatrix":[0.880726933,0.473624408,0,-0.473624408,0.880726933,0,0,0,1],"scale":0.701900005,"type":"utah2_boulder_3"}
{"pos":[-162.401001,-127.559998,151.382996],"rotationMatrix":[0.999841571,0.0177998096,0,-0.0177998096,0.999841571,0,0,0,1],"scale":0.700299978,"type":"utah2_boulder_3"}
{"pos":[-183.070999,-236.770004,137.356003],"rotationMatrix":[-0.465040803,0.885289252,0,-0.885289252,-0.465040803,0,0,0,1],"scale":0.986500025,"type":"utah2_boulder_3"}
{"pos":[-230.143997,-162.195007,161.688004],"rotationMatrix":[-0.745099902,0.666952848,0,-0.666952848,-0.745099902,0,0,0,1],"scale":1.13259995,"type":"utah2_boulder_3"}
{"pos":[-200.220993,-185.080994,149.550003],"rotationMatrix":[0.967434883,0.253120035,0,-0.253120035,0.967434883,0,0,0,1],"scale":1.10959995,"type":"utah2_boulder_3"}
{"pos":[-115.126999,-269.149994,136.473007],"rotationMatrix":[0.382156253,0.924097717,0,-0.924097717,0.382156253,0,0,0,1],"scale":0.70539999,"type":"utah2_boulder_3"}
{"pos":[-111.837997,-282.467987,136.173996],"rotationMatrix":[-0.859662473,0.51086241,0,-0.51086241,-0.859662473,0,0,0,1],"scale":0.73150003,"type":"utah2_boulder_3"}
{"pos":[-75.8377991,-282.22699,136.667999],"rotationMatrix":[-0.12912488,0.991628349,0,-0.991628349,-0.12912488,0,0,0,1],"scale":0.700200021,"type":"utah2_boulder_3"}
{"pos":[-219.889999,-350.894012,134.149994],"rotationMatrix":[0.974009037,0.226509154,0,-0.226509154,0.974009037,0,0,0,1],"scale":0.771499991,"type":"utah2_boulder_3"}
{"pos":[-363.837006,-85.7228012,177.453995],"rotationMatrix":[0.875997186,0.482316226,0,-0.482316226,0.875997186,0,0,0,1],"scale":2.4526999,"type":"utah2_boulder_3"}
{"pos":[-372.854004,-39.9355011,188.973007],"rotationMatrix":[0.990860224,-0.134892613,0,0.134892613,0.990860224,0,0,0,1],"scale":1.70220006,"type":"utah2_boulder_3"}
{"pos":[-305.584015,-6.96589994,180.707001],"rotationMatrix":[-0.49819392,0.867065609,0,-0.867065609,-0.49819392,0,0,0,1],"scale":0.700900018,"type":"utah2_boulder_3"}
{"pos":[-281.404999,-15.8388996,177.800003],"rotationMatrix":[-0.703857958,-0.710340738,0,0.710340738,-0.703857958,0,0,0,1],"scale":0.700299978,"type":"utah2_boulder_3"}
{"pos":[-296.644989,-51.5917015,176.514008],"rotationMatrix":[0.938957214,0.344033927,0,-0.344033927,0.938957214,0,0,0,1],"scale":1.33089995,"type":"utah2_boulder_3"}
{"pos":[-290.563995,-234.343994,145.645996],"rotationMatrix":[-0.998090267,0.061772313,0,-0.061772313,-0.998090267,0,0,0,1],"scale":0.701699972,"type":"utah2_boulder_3"}
{"pos":[-271.07901,-237.278,143.802002],"rotationMatrix":[-0.997755349,-0.0669646487,0,0.0669646487,-0.997755349,0,0,0,1],"scale":0.710200012,"type":"utah2_boulder_3"}
{"pos":[-271.528015,-234.658005,144.412003],"rotationMatrix":[0.395697951,-0.918380737,0,0.918380737,0.395697951,0,0,0,1],"scale":0.700600028,"type":"utah2_boulder_3"}
{"pos":[-294.279999,-193.729004,161.488998],"rotationMatrix":[-0.938333929,0.345730305,0,-0.345730305,-0.938333929,0,0,0,1],"scale":0.705299973,"type":"utah2_boulder_3"}
{"pos":[-252.781006,-210.139999,150.841995],"rotationMatrix":[0.484690785,0.874685585,0,-0.874685585,0.484690785,0,0,0,1],"scale":0.700800002,"type":"utah2_boulder_3"}
{"pos":[-308.151001,-227.184998,149.893997],"rotationMatrix":[0.756678343,0.653787315,0,-0.653787315,0.756678343,0,0,0,1],"scale":0.859200001,"type":"utah2_boulder_3"}
{"pos":[-274.433014,-220.761993,148.626007],"rotationMatrix":[-0.089007616,-0.996030927,0,0.996030927,-0.089007616,0,0,0,1],"scale":0.700399995,"type":"utah2_boulder_3"}
{"pos":[-294.834015,-238.919998,144.201996],"rotationMatrix":[-0.772740543,0.634722054,0,-0.634722054,-0.772740543,0,0,0,1],"scale":0.700699985,"type":"utah2_boulder_3"}
{"pos":[-282.352997,-232.862,145.863007],"rotationMatrix":[0.703726768,0.710470736,0,-0.710470736,0.703726768,0,0,0,1],"scale":0.748300016,"type":"utah2_boulder_3"}
{"pos":[-258.434998,-201.466003,155.483002],"rotationMatrix":[0.85752213,0.514447093,0,-0.514447093,0.85752213,0,0,0,1],"scale":0.712100029,"type":"utah2_boulder_3"}
{"pos":[-364.227997,-209.496002,158.136993],"rotationMatrix":[0.760020018,-0.649899662,0,0.649899662,0.760020018,0,0,0,1],"scale":1.39989996,"type":"utah2_boulder_3"}
{"pos":[-323.752991,-192.472,161.675003],"rotationMatrix":[-0.919754386,-0.39249441,0,0.39249441,-0.919754386,0,0,0,1],"scale":0.703199983,"type":"utah2_boulder_3"}
{"pos":[-419.355011,-174.044006,174.380997],"rotationMatrix":[0.927421331,-0.374018282,0,0.374018282,0.927421331,0,0,0,1],"scale":0.699999988,"type":"utah2_boulder_3"}
{"pos":[-382.332001,-141.662003,179.067001],"rotationMatrix":[0.96218729,0.272388726,0,-0.272388726,0.96218729,0,0,0,1],"scale":0.813000023,"type":"utah2_boulder_3"}
{"pos":[-312.049988,-313.625,143.647003],"rotationMatrix":[0.679991007,0.733220458,0,-0.733220458,0.679991007,0,0,0,1],"scale":0.700100005,"type":"utah2_boulder_3"}
{"pos":[-333.518005,-309.062988,149.813995],"rotationMatrix":[0.514260292,0.857634187,0,-0.857634187,0.514260292,0,0,0,1],"scale":0.756600022,"type":"utah2_boulder_3"}
{"pos":[-330.447998,-370.789001,135.830002],"rotationMatrix":[-0.197854221,-0.980231464,0,0.980231464,-0.197854221,0,0,0,1],"scale":0.820100009,"type":"utah2_boulder_3"}
{"pos":[-331.506989,-369.71701,135.863998],"rotationMatrix":[-0.813453078,-0.581630528,0,0.581630528,-0.813453078,0,0,0,1],"scale":0.701099992,"type":"utah2_boulder_3"}
{"pos":[-358.450012,-319.27301,157.399994],"rotationMatrix":[0.868933916,0.494928122,0,-0.494928122,0.868933916,0,0,0,1],"scale":0.750500023,"type":"utah2_boulder_3"}
{"pos":[-312.908997,-320.665009,142.906006],"rotationMatrix":[-0.707857311,-0.706355453,0,0.706355453,-0.707857311,0,0,0,1],"scale":0.699999988,"type":"utah2_boulder_3"}
{"pos":[-358.641998,-360.089996,147.227005],"rotationMatrix":[0.697016954,0.717054665,0,-0.717054665,0.697016954,0,0,0,1],"scale":0.699999988,"type":"utah2_boulder_3"}
{"pos":[-346.468994,-343.377014,147.847],"rotationMatrix":[-0.999999046,-0.00138106756,0,0.00138106756,-0.999999046,0,0,0,1],"scale":0.700500011,"type":"utah2_boulder_3"}
{"pos":[-330.966003,-318.492004,147.998001],"rotationMatrix":[-0.968450487,0.249206051,0,-0.249206051,-0.968450487,0,0,0,1],"scale":0.700399995,"type":"utah2_boulder_3"}
{"pos":[-330.447998,-326.846008,146.636002],"rotationMatrix":[-0.343805552,0.93904084,0,-0.93904084,-0.343805552,0,0,0,1],"scale":0.768599987,"type":"utah2_boulder_3"}
{"pos":[-332.096008,-329.48999,146.041],"rotationMatrix":[-0.841630936,-0.540053129,0,0.540053129,-0.841630936,0,0,0,1],"scale":0.805400014,"type":"utah2_boulder_3"}
{"pos":[-354.936005,-357.062012,147.087006],"rotationMatrix":[-0.887659907,-0.460499614,0,0.460499614,-0.887659907,0,0,0,1],"scale":0.699999988,"type":"utah2_boulder_3"}
{"pos":[-352.471008,-483.065002,131.309998],"rotationMatrix":[-0.799924076,0.600101233,0,-0.600101233,-0.799924076,0,0,0,1],"scale":0.926999986,"type":"utah2_boulder_3"}
{"pos":[-338.063995,-428.946991,133.809998],"rotationMatrix":[0.958404303,0.28541407,7.45291327e-05,0.278227657,-0.93433094,0.22274439,0.0636440143,-0.213458449,-0.974876881],"scale":2.0618999,"type":"utah2_boulder_3"}
{"pos":[-366.470001,-470.800995,131.845001],"rotationMatrix":[-0.200639844,-0.979665101,0,0.979665101,-0.200639844,0,0,0,1],"scale":0.862399995,"type":"utah2_boulder_3"}
{"pos":[-421.115997,-306.238007,168.675995],"rotationMatrix":[-0.889173985,0.457569271,0,-0.457569271,-0.889173985,0,0,0,1],"scale":0.926400006,"type":"utah2_boulder_3"}
{"pos":[-492.052002,-372.713989,155.860992],"rotationMatrix":[-0.532040834,-0.846718669,0,0.846718669,-0.532040834,0,0,0,1],"scale":0.71359998,"type":"utah2_boulder_3"}
{"pos":[-494.394989,-372.369995,156.179001],"rotationMatrix":[0.0582413673,-0.998302519,0,0.998302519,0.0582413673,0,0,0,1],"scale":0.701699972,"type":"utah2_boulder_3"}
{"pos":[-423.96701,-393.96701,138.916],"rotationMatrix":[0.888039351,-0.459767461,0,0.459767461,0.888039351,0,0,0,1],"scale":0.721700013,"type":"utah2_boulder_3"}
{"pos":[-405.028992,-392.605011,139.720993],"rotationMatrix":[-0.419606924,-0.907705903,0,0.907705903,-0.419606924,0,0,0,1],"scale":0.700200021,"type":"utah2_boulder_3"}
{"pos":[-379.385986,-430.470001,132.162003],"rotationMatrix":[-0.335715055,0.941963613,0,-0.941963613,-0.335715055,0,0,0,1],"scale":0.737900019,"type":"utah2_boulder_3"}
{"pos":[-380.278992,-429.167999,132.037003],"rotationMatrix":[0.924099445,0.382152081,0,-0.382152081,0.924099445,0,0,0,1],"scale":0.699999988,"type":"utah2_boulder_3"}
{"pos":[-379.649994,-405.477997,135.511002],"rotationMatrix":[0.599498987,0.800375521,0,-0.800375521,0.599498987,0,0,0,1],"scale":0.699999988,"type":"utah2_boulder_3"}
{"pos":[-377.535004,-409.348999,134.423996],"rotationMatrix":[-0.258543849,0.965999544,0,-0.965999544,-0.258543849,0,0,0,1],"scale":0.699999988,"type":"utah2_boulder_3"}
{"pos":[-397.049988,-401.161011,136.548996],"rotationMatrix":[-0.00820231438,0.999966383,0,-0.999966383,-0.00820231438,0,0,0,1],"scale":0.760100007,"type":"utah2_boulder_3"}
{"pos":[-399.973999,-396.726013,138.520996],"rotationMatrix":[-0.306652904,0.951821387,0,-0.951821387,-0.306652904,0,0,0,1],"scale":0.840799987,"type":"utah2_boulder_3"}
{"pos":[-380.208008,-403.644012,135.615997],"rotationMatrix":[0.383334994,0.923609376,0,-0.923609376,0.383334994,0,0,0,1],"scale":0.865800023,"type":"utah2_boulder_3"}
{"pos":[-381.582001,-403.833008,135.824997],"rotationMatrix":[-0.769476831,-0.638674736,0,0.638674736,-0.769476831,0,0,0,1],"scale":0.734499991,"type":"utah2_boulder_3"}
{"pos":[-393.505005,-382.333008,144.003006],"rotationMatrix":[-0.9700858,0.242762312,0,-0.242762312,-0.9700858,0,0,0,1],"scale":0.700500011,"type":"utah2_boulder_3"}
{"pos":[-441.755005,-384.427002,143.136993],"rotationMatrix":[0.999702334,-0.024397593,0,0.024397593,0.999702334,0,0,0,1],"scale":0.945900023,"type":"utah2_boulder_3"}
{"pos":[-483.337006,-393.303009,147.162003],"rotationMatrix":[0.214542389,-0.976714671,0,0.976714671,0.214542389,0,0,0,1],"scale":0.700200021,"type":"utah2_boulder_3"}
{"pos":[-487.519012,-398.053009,146.414993],"rotationMatrix":[0.998809338,-0.0487842932,0,0.0487842932,0.998809338,0,0,0,1],"scale":0.701699972,"type":"utah2_boulder_3"}
{"pos":[-491.306,-469.557007,144.681],"rotationMatrix":[0.272580743,0.962132931,0,-0.962132931,0.272580743,0,0,0,1],"scale":1.19939995,"type":"utah2_boulder_3"}
{"pos":[-447.023987,-480.453003,133.266998],"rotationMatrix":[-0.756142378,0.654407144,0,-0.654407144,-0.756142378,0,0,0,1],"scale":0.713800013,"type":"utah2_boulder_3"}
{"pos":[-445.575012,-481.378998,133.281006],"rotationMatrix":[-0.422375679,-0.906420887,0,0.906420887,-0.422375679,0,0,0,1],"scale":0.923399985,"type":"utah2_boulder_3"}
{"pos":[-448.230988,-489.371002,134.835007],"rotationMatrix":[0.282188058,0.959359109,0,-0.959359109,0.282188058,0,0,0,1],"scale":0.700100005,"type":"utah2_boulder_3"}
{"pos":[-83.5708008,-541.124023,133.240005],"rotationMatrix":[-0.997157454,0.0753459409,0,-0.0753459409,-0.997157454,0,0,0,1],"scale":1.15400004,"type":"utah2_boulder_3"}
{"pos":[-82.9371033,-536.827026,133.190994],"rotationMatrix":[-0.0374717712,-0.999297678,0,0.999297678,-0.0374717712,0,0,0,1],"scale":0.699999988,"type":"utah2_boulder_3"}
{"pos":[-67.9657974,-530.71698,132.664993],"rotationMatrix":[-0.667218983,0.744861603,0,-0.744861603,-0.667218983,0,0,0,1],"scale":0.700399995,"type":"utah2_boulder_3"}
{"pos":[-23.5244007,-549.86499,136.751999],"rotationMatrix":[-0.21829319,-0.975883245,0,0.975883245,-0.21829319,0,0,0,1],"scale":0.708400011,"type":"utah2_boulder_3"}
{"pos":[-32.9355011,-630.742981,138.630997],"rotationMatrix":[-0.386150956,0.922435582,0,-0.922435582,-0.386150956,0,0,0,1],"scale":0.703700006,"type":"utah2_boulder_3"}
{"pos":[-40.1565018,-628.661987,137.128006],"rotationMatrix":[-0.965884924,0.258971661,0,-0.258971661,-0.965884924,0,0,0,1],"scale":1.01100004,"type":"utah2_boulder_3"}
{"pos":[-76.7655029,-646.872009,130.544998],"rotationMatrix":[0.427097321,0.90420568,0,-0.90420568,0.427097321,0,0,0,1],"scale":0.700500011,"type":"utah2_boulder_3"}
{"pos":[-84.4713974,-645.125977,130.710999],"rotationMatrix":[0.964246988,-0.265005171,0,0.265005171,0.964246988,0,0,0,1],"scale":0.715200007,"type":"utah2_boulder_3"}
{"pos":[-74.2984009,-715.911011,123.953003],"rotationMatrix":[0.215243936,0.976560295,0,-0.976560295,0.215243936,0,0,0,1],"scale":0.703700006,"type":"utah2_boulder_3"}
{"pos":[-82.6809998,-693.176025,128.171005],"rotationMatrix":[0.567173719,0.823598206,0,-0.823598206,0.567173719,0,0,0,1],"scale":0.699999988,"type":"utah2_boulder_3"}
{"pos":[-223.791,-523.47998,130.740005],"rotationMatrix":[-0.0104649663,0.999945223,0,-0.999945223,-0.0104649663,0,0,0,1],"scale":0.722100019,"type":"utah2_boulder_3"}
{"pos":[-216.845993,-543.895996,130.283997],"rotationMatrix":[0.998648167,0.0519792177,0,-0.0519792177,0.998648167,0,0,0,1],"scale":0.700800002,"type":"utah2_boulder_3"}
{"pos":[-248.007004,-748.26001,120.888],"rotationMatrix":[-0.864065826,-0.503378808,0,0.503378808,-0.864065826,0,0,0,1],"scale":0.699999988,"type":"utah2_boulder_3"}
{"pos":[-157.923996,-726.718994,111.689003],"rotationMatrix":[-0.996767998,0.080334045,0,-0.080334045,-0.996767998,0,0,0,1],"scale":0.699999988,"type":"utah2_boulder_3"}
{"pos":[-158.561005,-724.846985,111.873001],"rotationMatrix":[0.461940765,0.886910796,0,-0.886910796,0.461940765,0,0,0,1],"scale":0.728699982,"type":"utah2_boulder_3"}
{"pos":[-136.266998,-699.687988,111.514],"rotationMatrix":[0.0287048817,0.999587953,0,-0.999587953,0.0287048817,0,0,0,1],"scale":0.716199994,"type":"utah2_boulder_3"}
{"pos":[-14.4383001,-750.468994,127.434998],"rotationMatrix":[-0.554579914,0.832130492,0,-0.832130492,-0.554579914,0,0,0,1],"scale":0.744899988,"type":"utah2_boulder_3"}
{"pos":[-4.68620014,-767.713989,126.055],"rotationMatrix":[0.971865654,0.235535875,0,-0.235535875,0.971865654,0,0,0,1],"scale":0.924499989,"type":"utah2_boulder_3"}
{"pos":[-96.7733994,-750.648987,111.996002],"rotationMatrix":[0.804192305,-0.594369173,0,0.594369173,0.804192305,0,0,0,1],"scale":0.700100005,"type":"utah2_boulder_3"}
{"pos":[-84.0373001,-772.534973,112.648003],"rotationMatrix":[0.980198026,0.198019773,0,-0.198019773,0.980198026,0,0,0,1],"scale":0.700200021,"type":"utah2_boulder_3"}
{"pos":[-87.9018021,-796.945007,112.530998],"rotationMatrix":[-0.401494861,0.915861249,3.33361131e-05,-0.827728331,-0.362874746,0.428004414,0.392004758,0.17181398,0.903776646],"scale":1.10870004,"type":"utah2_boulder_3"}
{"pos":[-92.5580978,-827.36499,113.628998],"rotationMatrix":[-0.420664787,0.907216132,0,-0.907216132,-0.420664787,0,0,0,1],"scale":1.25549996,"type":"utah2_boulder_3"}
{"pos":[-93.0240021,-836.734985,115.480003],"rotationMatrix":[-0.282188058,0.959359109,0,-0.959359109,-0.282188058,0,0,0,1],"scale":0.704599977,"type":"utah2_boulder_3"}
{"pos":[-92.1893997,-835.674988,115.369003],"rotationMatrix":[0.335977674,-0.941869974,0,0.941869974,0.335977674,0,0,0,1],"scale":0.699999988,"type":"utah2_boulder_3"}
{"pos":[-10.2124004,-910.119995,143.516006],"rotationMatrix":[0.706334352,0.707878351,0,-0.707878351,0.706334352,0,0,0,1],"scale":0.699999988,"type":"utah2_boulder_3"}
{"pos":[-39.3352013,-906.442993,142.899994],"rotationMatrix":[0.838231564,-0.545314431,0,0.545314431,0.838231564,0,0,0,1],"scale":0.700399995,"type":"utah2_boulder_3"}
{"pos":[-86.2623978,-902.630005,138.779007],"rotationMatrix":[-0.701559365,-0.71261102,0,0.71261102,-0.701559365,0,0,0,1],"scale":0.812099993,"type":"utah2_boulder_3"}
{"pos":[-114.834,-892.002991,135.962006],"rotationMatrix":[-0.969741583,0.244133696,0,-0.244133696,-0.969741583,0,0,0,1],"scale":0.796299994,"type":"utah2_boulder_3"}
{"pos":[-171.464005,-765.367004,111.625],"rotationMatrix":[-0.604997098,-0.796227694,0,0.796227694,-0.604997098,0,0,0,1],"scale":0.699999988,"type":"utah2_boulder_3"}
{"pos":[-140.289993,-799.530029,118.318001],"rotationMatrix":[-0.998857558,0.0477868095,0,-0.0477868095,-0.998857558,0,0,0,1],"scale":0.700999975,"type":"utah2_boulder_3"}
{"pos":[-141.212997,-803.40802,118.589996],"rotationMatrix":[0.947059989,-0.321056664,0,0.321056664,0.947059989,0,0,0,1],"scale":0.699999988,"type":"utah2_boulder_3"}
{"pos":[-223.740005,-750.976013,119.060997],"rotationMatrix":[-0.15844804,-0.987367332,0,0.987367332,-0.15844804,0,0,0,1],"scale":0.699999988,"type":"utah2_boulder_3"}
{"pos":[-197.572998,-766.945007,122.223999],"rotationMatrix":[-0.147515357,-0.989059746,0,0.989059746,-0.147515357,0,0,0,1],"scale":0.712300003,"type":"utah2_boulder_3"}
{"pos":[-192.503998,-808.663025,126.933998],"rotationMatrix":[0.70277524,-0.711411953,0,0.711411953,0.70277524,0,0,0,1],"scale":1.56190002,"type":"utah2_boulder_3"}
{"pos":[-195.046005,-810.028015,126.502998],"rotationMatrix":[-0.999753535,0.0222006682,0,-0.0222006682,-0.999753535,0,0,0,1],"scale":2.64820004,"type":"utah2_boulder_3"}
{"pos":[-195.227005,-807.241028,128.063995],"rotationMatrix":[-0.996621907,0.0821265802,0,-0.0821265802,-0.996621907,0,0,0,1],"scale":0.887899995,"type":"utah2_boulder_3"}
{"pos":[-242.214996,-871.007019,131.886993],"rotationMatrix":[0.884036422,-0.467418015,0,0.467418015,0.884036422,0,0,0,1],"scale":0.791800022,"type":"utah2_boulder_3"}
{"pos":[-237.184998,-857.682983,131.421005],"rotationMatrix":[-0.999730885,-0.0231982227,0,0.0231982227,-0.999730885,0,0,0,1],"scale":0.699999988,"type":"utah2_boulder_3"}
{"pos":[-131.960007,-883.010986,132.259995],"rotationMatrix":[-0.958239079,0.285968304,0,-0.285968304,-0.958239079,0,0,0,1],"scale":0.731299996,"type":"utah2_boulder_3"}
{"pos":[-142.194,-948.085999,147.199005],"rotationMatrix":[-0.293833017,-0.95585674,0,0.95585674,-0.293833017,0,0,0,1],"scale":0.713,"type":"utah2_boulder_3"}
{"pos":[-155.350006,-966.385986,148.873001],"rotationMatrix":[-0.908827841,0.417171359,0,-0.417171359,-0.908827841,0,0,0,1],"scale":1.10790002,"type":"utah2_boulder_3"}
{"pos":[-132.158005,-938.853027,146.203003],"rotationMatrix":[-0.216219842,0.976344705,0,-0.976344705,-0.216219842,0,0,0,1],"scale":0.703000009,"type":"utah2_boulder_3"}
{"pos":[-182.035995,-945.020996,143.729004],"rotationMatrix":[-0.72913897,-0.68436569,0,0.68436569,-0.72913897,0,0,0,1],"scale":0.858900011,"type":"utah2_boulder_3"}
{"pos":[-190.412003,-943.362,143.619003],"rotationMatrix":[0.681760788,0.731575191,0,-0.731575191,0.681760788,0,0,0,1],"scale":0.699999988,"type":"utah2_boulder_3"}
{"pos":[-201.298996,-956.403015,148.744003],"rotationMatrix":[0.968697309,-0.248244882,0,0.248244882,0.968697309,0,0,0,1],"scale":0.699999988,"type":"utah2_boulder_3"}
{"pos":[-224.184998,-944.692017,147.960007],"rotationMatrix":[-0.997605681,-0.0691585466,0,0.0691585466,-0.997605681,0,0,0,1],"scale":0.7148,"type":"utah2_boulder_3"}
{"pos":[-341.619995,-610.137024,126.855003],"rotationMatrix":[0.920000553,0.39191705,0,-0.39191705,0.920000553,0,0,0,1],"scale":0.870400012,"type":"utah2_boulder_3"}
{"pos":[-366.497009,-524.679993,130.248993],"rotationMatrix":[-0.773141682,-0.634233356,0,0.634233356,-0.773141682,0,0,0,1],"scale":0.700100005,"type":"utah2_boulder_3"}
{"pos":[-368.739014,-524.70697,130.423996],"rotationMatrix":[-0.960292518,-0.278995126,0,0.278995126,-0.960292518,0,0,0,1],"scale":1.18169999,"type":"utah2_boulder_3"}
{"pos":[-284.67099,-590.763,127.339996],"rotationMatrix":[0.890589952,-0.454807132,0,0.454807132,0.890589952,0,0,0,1],"scale":0.699999988,"type":"utah2_boulder_3"}
{"pos":[-310.695007,-595.192993,126.547997],"rotationMatrix":[-0.0640304685,-0.997947931,0,0.997947931,-0.0640304685,0,0,0,1],"scale":0.708899975,"type":"utah2_boulder_3"}
{"pos":[-273.122009,-608.671997,123.181],"rotationMatrix":[-0.847193539,-0.531284392,0,0.531284392,-0.847193539,0,0,0,1],"scale":1.07959998,"type":"utah2_boulder_3"}
{"pos":[-285.01001,-607.749023,124.197998],"rotationMatrix":[-0.126176476,0.992007792,0,-0.992007792,-0.126176476,0,0,0,1],"scale":0.7051,"type":"utah2_boulder_3"}
{"pos":[-298.404999,-606.388977,125.031998],"rotationMatrix":[0.683852434,-0.729620337,0,0.729620337,0.683852434,0,0,0,1],"scale":0.700100005,"type":"utah2_boulder_3"}
{"pos":[-270.854004,-679.221008,109.226997],"rotationMatrix":[0.797488451,0.603334188,0,-0.603334188,0.797488451,0,0,0,1],"scale":1.07029998,"type":"utah2_boulder_3"}
{"pos":[-273.984985,-732.224976,111.637001],"rotationMatrix":[0.802195549,0.597061396,0,-0.597061396,0.802195549,0,0,0,1],"scale":0.756200016,"type":"utah2_boulder_3"}
{"pos":[-260.84201,-727.036011,109.851997],"rotationMatrix":[0.146957397,-0.989142835,0,0.989142835,0.146957397,0,0,0,1],"scale":0.701099992,"type":"utah2_boulder_3"}
{"pos":[-260.403015,-728.666016,110.427002],"rotationMatrix":[0.999468684,-0.032593701,0,0.032593701,0.999468684,0,0,0,1],"scale":0.700399995,"type":"utah2_boulder_3"}
{"pos":[-342.373993,-705.51001,106.721001],"rotationMatrix":[0.867489219,-0.497455984,0,0.497455984,0.867489219,0,0,0,1],"scale":0.723200023,"type":"utah2_boulder_3"}
{"pos":[-429.220001,-510.64801,132.996994],"rotationMatrix":[0.999795914,-0.0202022512,0,0.0202022512,0.999795914,0,0,0,1],"scale":0.718800008,"type":"utah2_boulder_3"}
{"pos":[-430.513,-623.179993,120.764],"rotationMatrix":[0.258543849,-0.965999544,0,0.965999544,0.258543849,0,0,0,1],"scale":0.740999997,"type":"utah2_boulder_3"}
{"pos":[-434.738007,-623.888977,120.508003],"rotationMatrix":[-0.134048641,0.990974724,0,-0.990974724,-0.134048641,0,0,0,1],"scale":0.73089999,"type":"utah2_boulder_3"}
{"pos":[-412.993988,-577.507996,129.039993],"rotationMatrix":[0.218567491,0.975821853,0,-0.975821853,0.218567491,0,0,0,1],"scale":0.814899981,"type":"utah2_boulder_3"}
{"pos":[-487.19101,-527.353027,150.764008],"rotationMatrix":[0.991155744,0.132703781,0,-0.132703781,0.991155744,0,0,0,1],"scale":0.7597,"type":"utah2_boulder_3"}
{"pos":[-476.994995,-531.315002,147.251007],"rotationMatrix":[-0.999983191,0.00579799432,0,-0.00579799432,-0.999983191,0,0,0,1],"scale":1.09029996,"type":"utah2_boulder_3"}
{"pos":[-479.515991,-509.264008,148.087006],"rotationMatrix":[0.646364212,0.763029039,0,-0.763029039,0.646364212,0,0,0,1],"scale":0.699999988,"type":"utah2_boulder_3"}
{"pos":[-436.681,-684.018005,107.531998],"rotationMatrix":[0.601072788,-0.799194276,0,0.799194276,0.601072788,0,0,0,1],"scale":0.700399995,"type":"utah2_boulder_3"}
{"pos":[-431.915009,-646.732971,115.181],"rotationMatrix":[-0.870371103,-0.492396325,0,0.492396325,-0.870371103,0,0,0,1],"scale":0.905799985,"type":"utah2_boulder_3"}
{"pos":[-408.044006,-627.010986,123.266998],"rotationMatrix":[0.763175726,-0.646191001,0,0.646191001,0.763175726,0,0,0,1],"scale":0.700100005,"type":"utah2_boulder_3"}
{"pos":[-383.929993,-672.060974,110.138],"rotationMatrix":[-0.57217288,-0.82013303,0,0.82013303,-0.57217288,0,0,0,1],"scale":1.21019995,"type":"utah2_boulder_3"}
{"pos":[-424.235992,-708.588013,106.266998],"rotationMatrix":[-0.889173985,0.457569271,0,-0.457569271,-0.889173985,0,0,0,1],"scale":0.821699977,"type":"utah2_boulder_3"}
{"pos":[-408.313995,-733.59198,107.996002],"rotationMatrix":[-0.519781172,0.854299426,0,-0.854299426,-0.519781172,0,0,0,1],"scale":0.744899988,"type":"utah2_boulder_3"}
{"pos":[-437.983002,-648.388977,116.813004],"rotationMatrix":[0.602501512,0.798117757,0,-0.798117757,0.602501512,0,0,0,1],"scale":0.717299998,"type":"utah2_boulder_3"}
{"pos":[-463.610992,-745.659973,103.501999],"rotationMatrix":[-0.750229836,0.661177099,0,-0.661177099,-0.750229836,0,0,0,1],"scale":0.699999988,"type":"utah2_boulder_3"}
{"pos":[-293.716003,-804.312012,124.899002],"rotationMatrix":[-0.806441963,-0.591313243,0,0.591313243,-0.806441963,0,0,0,1],"scale":1.12590003,"type":"utah2_boulder_3"}
{"pos":[-290.800995,-780.491028,123.205002],"rotationMatrix":[0.340834379,-0.940123379,0,0.940123379,0.340834379,0,0,0,1],"scale":0.700100005,"type":"utah2_boulder_3"}
{"pos":[-301.350006,-874.29303,129.768997],"rotationMatrix":[0.0619100332,-0.998081744,0,0.998081744,0.0619100332,0,0,0,1],"scale":1.02040005,"type":"utah2_boulder_3"}
{"pos":[-321.018005,-798.382019,105.532997],"rotationMatrix":[0.0612088442,0.998124957,0,-0.998124957,0.0612088442,0,0,0,1],"scale":0.700299978,"type":"utah2_boulder_3"}
{"pos":[-343.444,-865.435974,132.057007],"rotationMatrix":[0.579559684,-0.814929783,0,0.814929783,0.579559684,0,0,0,1],"scale":0.788600028,"type":"utah2_boulder_3"}
{"pos":[-354.888,-873.088989,130.201996],"rotationMatrix":[-0.742219925,0.67015636,0,-0.67015636,-0.742219925,0,0,0,1],"scale":0.700299978,"type":"utah2_boulder_3"}
{"pos":[-329.501007,-832.770996,124.068001],"rotationMatrix":[0.976929665,0.213561296,0,-0.213561296,0.976929665,0,0,0,1],"scale":0.701300025,"type":"utah2_boulder_3"}
{"pos":[-296.095001,-928.726013,136.778],"rotationMatrix":[-0.569970489,0.821665168,0,-0.821665168,-0.569970489,0,0,0,1],"scale":0.700100005,"type":"utah2_boulder_3"}
{"pos":[-309.746002,-880.484009,130.565002],"rotationMatrix":[0.949944735,0.312417984,0,-0.312417984,0.949944735,0,0,0,1],"scale":0.732800007,"type":"utah2_boulder_3"}
{"pos":[-299.457001,-965.672974,149.544998],"rotationMatrix":[0.861565113,0.507647097,0,-0.507647097,0.861565113,0,0,0,1],"scale":1.1875,"type":"utah2_boulder_3"}
{"pos":[-268.963989,-942.22699,145.179001],"rotationMatrix":[-0.723215163,0.690622807,0,-0.690622807,-0.723215163,0,0,0,1],"scale":0.726700008,"type":"utah2_boulder_3"}
{"pos":[-270.384003,-942.11499,145.167007],"rotationMatrix":[0.800303459,0.599595189,0,-0.599595189,0.800303459,0,0,0,1],"scale":0.813600004,"type":"utah2_boulder_3"}
{"pos":[-323.19101,-934.843994,136.007004],"rotationMatrix":[0.65370965,0.756745458,0,-0.756745458,0.65370965,0,0,0,1],"scale":0.899699986,"type":"utah2_boulder_3"}
{"pos":[-336.046997,-920.823975,131.897995],"rotationMatrix":[0.671142459,0.741328418,0,-0.741328418,0.671142459,0,0,0,1],"scale":0.711899996,"type":"utah2_boulder_3"}
{"pos":[-367.574005,-876.945984,130.554001],"rotationMatrix":[0.0267260075,0.999642789,0,-0.999642789,0.0267260075,0,0,0,1],"scale":0.700100005,"type":"utah2_boulder_3"}
{"pos":[-320.734009,-880.575989,131.011002],"rotationMatrix":[0.127296448,0.991864741,0,-0.991864741,0.127296448,0,0,0,1],"scale":0.699999988,"type":"utah2_boulder_3"}
{"pos":[-430.112,-762.541016,104.338997],"rotationMatrix":[-0.861885548,0.507102847,0,-0.507102847,-0.861885548,0,0,0,1],"scale":0.699999988,"type":"utah2_boulder_3"}
{"pos":[-428.572998,-829.666992,104.453003],"rotationMatrix":[-0.483670473,-0.875250161,0,0.875250161,-0.483670473,0,0,0,1],"scale":0.699999988,"type":"utah2_boulder_3"}
{"pos":[-487.518005,-835.940979,127.870003],"rotationMatrix":[-0.959499538,-0.281710207,0,0.281710207,-0.959499538,0,0,0,1],"scale":1.83290005,"type":"utah2_boulder_3"}
{"pos":[-464.04599,-849.655029,131.822998],"rotationMatrix":[0.71754837,-0.696508706,0,0.696508706,0.71754837,0,0,0,1],"scale":1.47809994,"type":"utah2_boulder_3"}
{"pos":[-392.437988,-933.052002,139.014999],"rotationMatrix":[-0.985139787,-0.171754479,0,0.171754479,-0.985139787,0,0,0,1],"scale":1.18799996,"type":"utah2_boulder_3"}
{"pos":[-425.808014,-928.375977,135.477005],"rotationMatrix":[-0.606278002,-0.7952528,0,0.7952528,-0.606278002,0,0,0,1],"scale":0.700100005,"type":"utah2_boulder_3"}
{"pos":[-392.781006,-881.39801,132.197006],"rotationMatrix":[0.926198721,-0.377035707,0,0.377035707,0.926198721,0,0,0,1],"scale":0.83099997,"type":"utah2_boulder_3"}
{"pos":[-489.053009,-884.388977,132.149994],"rotationMatrix":[-0.406166971,0.913798869,0,-0.913798869,-0.406166971,0,0,0,1],"scale":0.824400008,"type":"utah2_boulder_3"}
{"pos":[-492.929993,-974.497009,148.367996],"rotationMatrix":[-0.664947093,0.746890485,0,-0.746890485,-0.664947093,0,0,0,1],"scale":0.700900018,"type":"utah2_boulder_3"}
{"pos":[-479.186005,-952.892029,143.610992],"rotationMatrix":[-0.986748576,-0.162256733,0,0.162256733,-0.986748576,0,0,0,1],"scale":0.700100005,"type":"utah2_boulder_3"}
{"pos":[-488.144989,-950.890015,143.294998],"rotationMatrix":[0.842653394,0.53845638,0,-0.53845638,0.842653394,0,0,0,1],"scale":0.710799992,"type":"utah2_boulder_3"}
{"pos":[-452.873993,-954.513,142.996994],"rotationMatrix":[-0.906606793,0.421976447,0,-0.421976447,-0.906606793,0,0,0,1],"scale":0.793099999,"type":"utah2_boulder_3"}
{"pos":[-576.028015,-211.595001,180.485001],"rotationMatrix":[-0.991885126,-0.127137318,0,0.127137318,-0.991885126,0,0,0,1],"scale":0.699999988,"type":"utah2_boulder_3"}
{"pos":[-522.86499,-180.955994,197.001999],"rotationMatrix":[-0.996784031,0.0801348537,0,-0.0801348537,-0.996784031,0,0,0,1],"scale":0.702899992,"type":"utah2_boulder_3"}
{"pos":[-552.450012,-204.645004,181.445999],"rotationMatrix":[-0.478950381,-0.877841949,0,0.877841949,-0.478950381,0,0,0,1],"scale":0.757000029,"type":"utah2_boulder_3"}
{"pos":[-549.249023,-202.570999,182.479004],"rotationMatrix":[0.993972063,0.109633654,0,-0.109633654,0.993972063,0,0,0,1],"scale":0.699999988,"type":"utah2_boulder_3"}
{"pos":[-684.888977,-92.218399,249.087006],"rotationMatrix":[-0.972574055,-0.232593432,0,0.232593432,-0.972574055,0,0,0,1],"scale":3.12639999,"type":"utah2_boulder_3"}
{"pos":[-599.75,-257.565002,183.404999],"rotationMatrix":[0.295209765,0.955432475,0,-0.955432475,0.295209765,0,0,0,1],"scale":2.21609998,"type":"utah2_boulder_3"}
{"pos":[-623.89502,-296.169006,177.403],"rotationMatrix":[0.878581524,0.477592409,0,-0.477592409,0.878581524,0,0,0,1],"scale":1.82239997,"type":"utah2_boulder_3"}
{"pos":[-526.30603,-423.515991,149.860001],"rotationMatrix":[-0.554433167,-0.832228243,0,0.832228243,-0.554433167,0,0,0,1],"scale":0.700500011,"type":"utah2_boulder_3"}
{"pos":[-527.726013,-431.010986,150.257996],"rotationMatrix":[-0.901085079,-0.433642328,0,0.433642328,-0.901085079,0,0,0,1],"scale":0.700500011,"type":"utah2_boulder_3"}
{"pos":[-540.528992,-389.369995,157.070999],"rotationMatrix":[0.856147766,-0.516731083,0,0.516731083,0.856147766,0,0,0,1],"scale":0.700100005,"type":"utah2_boulder_3"}
{"pos":[-551.757019,-394.112,159.425995],"rotationMatrix":[-0.919276536,0.393612325,0,-0.393612325,-0.919276536,0,0,0,1],"scale":0.703000009,"type":"utah2_boulder_3"}
{"pos":[-521.276978,-406.23999,149.886002],"rotationMatrix":[-0.255527198,-0.966801882,0,0.966801882,-0.255527198,0,0,0,1],"scale":0.699999988,"type":"utah2_boulder_3"}
{"pos":[-503.692993,-409.472992,145.927002],"rotationMatrix":[-0.954521954,-0.298140645,0,0.298140645,-0.954521954,0,0,0,1],"scale":0.702300012,"type":"utah2_boulder_3"}
{"pos":[-682.049011,-288.737,193.339005],"rotationMatrix":[0.702906489,-0.711282253,0,0.711282253,0.702906489,0,0,0,1],"scale":0.699999988,"type":"utah2_boulder_3"}
{"pos":[-627.526978,-296.540009,179.061005],"rotationMatrix":[0.312092066,0.950051844,0,-0.950051844,0.312092066,0,0,0,1],"scale":0.700900018,"type":"utah2_boulder_3"}
{"pos":[-743.469971,-459.502014,173.716003],"rotationMatrix":[-0.802906215,-0.596105397,2.53579019e-05,-0.124736622,0.168051839,0.97785449,-0.582908571,0.785122275,-0.209286034],"scale":2.42370009,"type":"utah2_boulder_3"}
{"pos":[-740.536011,-458.415009,171.132996],"rotationMatrix":[0.680645704,-0.732612729,0,0.732612729,0.680645704,0,0,0,1],"scale":2.08310008,"type":"utah2_boulder_3"}
{"pos":[-736.585022,-432.308014,168.716003],"rotationMatrix":[0.357003212,0.934103131,0,-0.934103131,0.357003212,0,0,0,1],"scale":2.16980004,"type":"utah2_boulder_3"}
{"pos":[-731.294006,-435.55899,169.065002],"rotationMatrix":[0.982850313,-0.184405163,0,0.184405163,0.982850313,0,0,0,1],"scale":0.767799973,"type":"utah2_boulder_3"}
{"pos":[-848.072021,-89.3284988,289.487],"rotationMatrix":[0.596631765,0.802515149,0,-0.802515149,0.596631765,0,0,0,1],"scale":0.709299982,"type":"utah2_boulder_3"}
{"pos":[-770.434021,-83.9461975,295.627991],"rotationMatrix":[-0.447705507,-0.894181073,0,0.894181073,-0.447705507,0,0,0,1],"scale":0.828599989,"type":"utah2_boulder_3"}
{"pos":[-850.554016,-204.964005,296.626007],"rotationMatrix":[-0.996319354,-0.0857189894,0,0.0857189894,-0.996319354,0,0,0,1],"scale":0.702199996,"type":"utah2_boulder_3"}
{"pos":[-860.958984,-188.205994,297.473999],"rotationMatrix":[-0.167416453,-0.985886276,0,0.985886276,-0.167416453,0,0,0,1],"scale":0.713699996,"type":"utah2_boulder_3"}
{"pos":[-869.078003,-247.343002,267.140991],"rotationMatrix":[-0.887190223,-0.461403847,0,0.461403847,-0.887190223,0,0,0,1],"scale":0.735199988,"type":"utah2_boulder_3"}
{"pos":[-928.098022,-109.907997,283.022003],"rotationMatrix":[0.000565648079,-0.999999821,0,0.999999821,0.000565648079,0,0,0,1],"scale":0.700900018,"type":"utah2_boulder_3"}
{"pos":[-929.146973,-114.960999,283.096985],"rotationMatrix":[0.0727825165,0.997347832,0,-0.997347832,0.0727825165,0,0,0,1],"scale":0.699999988,"type":"utah2_boulder_3"}
{"pos":[-930.690002,-118.829002,283.389008],"rotationMatrix":[0.796074271,-0.60519892,0,0.60519892,0.796074271,0,0,0,1],"scale":0.700200021,"type":"utah2_boulder_3"}
{"pos":[-913.515015,-110.420998,274.045013],"rotationMatrix":[-0.767048597,0.641588986,0,-0.641588986,-0.767048597,0,0,0,1],"scale":0.715600014,"type":"utah2_boulder_3"}
{"pos":[-942.617004,-106.296997,282.218994],"rotationMatrix":[-0.741671205,-0.670763612,0,0.670763612,-0.741671205,0,0,0,1],"scale":0.81400001,"type":"utah2_boulder_3"}
{"pos":[-960.387024,-111.120003,282.70401],"rotationMatrix":[0.92953372,0.368737131,0,-0.368737131,0.92953372,0,0,0,1],"scale":0.699999988,"type":"utah2_boulder_3"}
{"pos":[-958.098999,-113.587997,282.589996],"rotationMatrix":[0.00848519802,0.999963999,0,-0.999963999,0.00848519802,0,0,0,1],"scale":0.713400006,"type":"utah2_boulder_3"}
{"pos":[-955.461975,-114.232002,282.403992],"rotationMatrix":[0.0960538387,-0.99537617,0,0.99537617,0.0960538387,0,0,0,1],"scale":0.779600024,"type":"utah2_boulder_3"}
{"pos":[-970.138,-81.5111008,284.872009],"rotationMatrix":[-0.378154397,0.925742567,0,-0.925742567,-0.378154397,0,0,0,1],"scale":0.981700003,"type":"utah2_boulder_3"}
{"pos":[-930.927002,-185.955994,285.337006],"rotationMatrix":[-0.874589384,-0.484864324,0,0.484864324,-0.874589384,0,0,0,1],"scale":0.699999988,"type":"utah2_boulder_3"}
{"pos":[-931.28302,-184.179001,284.561005],"rotationMatrix":[-0.63413173,0.773225009,0,-0.773225009,-0.63413173,0,0,0,1],"scale":1.05760002,"type":"utah2_boulder_3"}
{"pos":[-910.06897,-183.483002,290.278015],"rotationMatrix":[0.9661479,-0.25798884,0,0.25798884,0.9661479,0,0,0,1],"scale":0.84890002,"type":"utah2_boulder_3"}
{"pos":[-890.895996,-153.576996,291.080994],"rotationMatrix":[0.955118418,-0.296224266,0,0.296224266,0.955118418,0,0,0,1],"scale":0.700500011,"type":"utah2_boulder_3"}
{"pos":[-877.857971,-136.725998,290.589996],"rotationMatrix":[-0.997536063,-0.070155561,0,0.070155561,-0.997536063,0,0,0,1],"scale":0.699999988,"type":"utah2_boulder_3"}
{"pos":[-897.031006,-141.449997,280.850006],"rotationMatrix":[-0.988720536,0.149772167,0,-0.149772167,-0.988720536,0,0,0,1],"scale":0.724600017,"type":"utah2_boulder_3"}
{"pos":[-895.828979,-202.550995,293.778992],"rotationMatrix":[-0.605566502,-0.795794725,0,0.795794725,-0.605566502,0,0,0,1],"scale":0.910099983,"type":"utah2_boulder_3"}
{"pos":[-889.947998,-209.828003,295.865997],"rotationMatrix":[0.953119755,0.30259335,0,-0.30259335,0.953119755,0,0,0,1],"scale":0.790899992,"type":"utah2_boulder_3"}
{"pos":[-894.671021,-202.151001,293.997986],"rotationMatrix":[-0.938117385,0.34631744,0,-0.34631744,-0.938117385,0,0,0,1],"scale":0.743300021,"type":"utah2_boulder_3"}
{"pos":[-898.77002,-192.630005,293.359985],"rotationMatrix":[-0.853324652,0.521379948,0,-0.521379948,-0.853324652,0,0,0,1],"scale":0.708500028,"type":"utah2_boulder_3"}
