{"pos":[-890.211731,-1036.11035,119.118942],"rotationMatrix":[1,1.50995803e-07,4.96109926e-08,-1.50995803e-07,1,4.15625259e-08,-4.96109855e-08,-4.1562533e-08,1],"scale":1,"type":"utah2_guardrailpost"}
{"pos":[-892.217468,-1036.11035,119.118942],"rotationMatrix":[1,1.50995803e-07,4.96109926e-08,-1.50995803e-07,1,4.15625259e-08,-4.96109855e-08,-4.1562533e-08,1],"scale":1,"type":"utah2_guardrailpost"}
{"pos":[-894.223206,-1036.11047,119.118935],"rotationMatrix":[1,3.89414367e-07,4.96109642e-08,-3.89414367e-07,1,-4.27311768e-08,-4.96109784e-08,4.27311555e-08,1],"scale":0.99999994,"type":"utah2_guardrailpost"}
{"pos":[-896.228882,-1036.11035,119.118935],"rotationMatrix":[1,1.50995803e-07,-3.468271e-08,-1.50995803e-07,1,4.15625294e-08,3.46827171e-08,-4.15625223e-08,1],"scale":0.99999994,"type":"utah2_guardrailpost"}
{"pos":[-898.234619,-1036.11035,119.118942],"rotationMatrix":[1,1.50995803e-07,9.17578404e-08,-1.50995803e-07,1,-5.84331694e-10,-9.17578404e-08,5.84317816e-10,1],"scale":0.99999994,"type":"utah2_guardrailpost"}
{"pos":[-900.240295,-1036.11047,119.118935],"rotationMatrix":[1,3.89414367e-07,4.96109642e-08,-3.89414367e-07,1,-4.27311768e-08,-4.96109784e-08,4.27311555e-08,1],"scale":0.99999994,"type":"utah2_guardrailpost"}
{"pos":[-902.245911,-1036.11035,119.118942],"rotationMatrix":[1,1.50995803e-07,4.96109926e-08,-1.50995803e-07,1,4.15625259e-08,-4.96109855e-08,-4.1562533e-08,1],"scale":1,"type":"utah2_guardrailpost"}
{"pos":[-904.251648,-1036.11035,119.118942],"rotationMatrix":[1,1.50995803e-07,4.96109926e-08,-1.50995803e-07,1,4.15625259e-08,-4.96109855e-08,-4.1562533e-08,1],"scale":1,"type":"utah2_guardrailpost"}
{"pos":[-906.257324,-1036.11035,119.118935],"rotationMatrix":[1,1.50995803e-07,7.46412621e-09,-1.50995803e-07,1,-5.8432309e-10,-7.46412621e-09,5.8432198e-10,1],"scale":0.99999994,"type":"utah2_guardrailpost"}
{"pos":[-908.263,-1036.11035,119.118935],"rotationMatrix":[1,1.50995803e-07,7.46412621e-09,-1.50995803e-07,1,-5.8432309e-10,-7.46412621e-09,5.8432198e-10,1],"scale":0.99999994,"type":"utah2_guardrailpost"}
{"pos":[-910.268738,-1036.11035,119.118935],"rotationMatrix":[1,1.50995803e-07,7.46412621e-09,-1.50995803e-07,1,-5.8432309e-10,-7.46412621e-09,5.8432198e-10,1],"scale":0.99999994,"type":"utah2_guardrailpost"}
{"pos":[-612.986572,-665.942261,159.037659],"rotationMatrix":[-0.639991641,0.756443262,0.134923458,-0.763424039,-0.645897746,1.11758709e-07,0.087146841,-0.10300374,0.990856051],"scale":1,"type":"utah2_guardrailpost"}
{"pos":[-611.697815,-667.464966,158.765228],"rotationMatrix":[-0.591207027,0.797411978,0.120864823,-0.803301036,-0.595573187,8.94069672e-08,0.0719839185,-0.0970907882,0.992668986],"scale":1,"type":"utah2_guardrailpost"}
{"pos":[-610.508728,-669.070984,158.521362],"rotationMatrix":[-0.547712922,0.828741193,0.114884391,-0.834264994,-0.551363587,9.68575478e-08,0.0633431673,-0.0958439782,0.993378878],"scale":0.99999994,"type":"utah2_guardrailpost"}
{"pos":[-609.406677,-670.741577,158.289261],"rotationMatrix":[-0.514287949,0.849806726,0.115482867,-0.855530679,-0.517751932,-2.38418579e-07,0.059791293,-0.0987992659,0.993309498],"scale":0.99999994,"type":"utah2_guardrailpost"}
{"pos":[-608.365601,-672.464417,158.054611],"rotationMatrix":[-0.4912287,0.865664005,0.0965424031,-0.869726539,-0.493534088,2.23517418e-07,0.0476471484,-0.083965376,0.995328844],"scale":0.99999994,"type":"utah2_guardrailpost"}
{"pos":[-607.37207,-674.217957,157.860886],"rotationMatrix":[-0.474714518,0.875644803,0.0888387784,-0.879120827,-0.476598978,-4.47034836e-08,0.0423404351,-0.0781000406,0.996046007],"scale":0.999999881,"type":"utah2_guardrailpost"}
{"pos":[-606.412598,-675.989624,157.682022],"rotationMatrix":[-0.463302851,0.881534278,0.0908176154,-0.885192335,-0.465225339,-1.71363354e-07,0.0422505029,-0.0803911313,0.99586755],"scale":0.99999994,"type":"utah2_guardrailpost"}
{"pos":[-605.47644,-677.772217,157.498627],"rotationMatrix":[-0.455592513,0.884709716,0.0986115783,-0.889042974,-0.457823873,-1.15483999e-07,0.0451466292,-0.0876699835,0.995126009],"scale":0.99999994,"type":"utah2_guardrailpost"}
{"pos":[-604.554321,-679.565308,157.29657],"rotationMatrix":[-0.454001665,0.88528651,0.100747868,-0.88981384,-0.456323504,-1.2665987e-07,0.0459735096,-0.0896469131,0.994911969],"scale":0.99999994,"type":"utah2_guardrailpost"}
{"pos":[-603.633667,-681.360779,157.0923],"rotationMatrix":[-0.454030514,0.88535279,0.100033961,-0.889816105,-0.456319451,-1.11758709e-08,0.04564742,-0.0890118331,0.994984031],"scale":0.99999994,"type":"utah2_guardrailpost"}
{"pos":[-602.712891,-683.156311,156.889481],"rotationMatrix":[-0.453999043,0.885438144,0.0994192287,-0.889846742,-0.456259489,-6.33299351e-08,0.0453609154,-0.088467896,0.995045662],"scale":0.99999994,"type":"utah2_guardrailpost"}
{"pos":[-601.792114,-684.951904,156.687897],"rotationMatrix":[-0.453998327,0.885494888,0.0989161879,-0.889858902,-0.456235886,3.35276127e-08,0.0451291353,-0.0880214423,0.995095789],"scale":0.99999994,"type":"utah2_guardrailpost"}
{"pos":[-600.871399,-686.747681,156.487335],"rotationMatrix":[-0.453995705,0.885541797,0.0985064507,-0.889869809,-0.456214547,-1.11758709e-08,0.0449400693,-0.0876579285,0.99513644],"scale":0.99999994,"type":"utah2_guardrailpost"}
{"pos":[-599.950806,-688.543457,156.287613],"rotationMatrix":[-0.453978181,0.885583282,0.0982147753,-0.889885664,-0.456183672,2.23517418e-08,0.0448039919,-0.0873999149,0.995165229],"scale":0.99999994,"type":"utah2_guardrailpost"}
{"pos":[-599.030151,-690.339355,156.08847],"rotationMatrix":[-0.453977108,0.885604858,0.0980246142,-0.889890552,-0.456174016,2.23517418e-08,0.044716306,-0.0872311667,0.995184004],"scale":0.99999994,"type":"utah2_guardrailpost"}
{"pos":[-598.109558,-692.135193,155.889709],"rotationMatrix":[-0.453913927,0.885645747,0.0979483724,-0.889925003,-0.45610702,-2.64495611e-07,0.0446747094,-0.087166816,0.995191514],"scale":0.99999994,"type":"utah2_guardrailpost"}
{"pos":[-597.189148,-693.931091,155.691086],"rotationMatrix":[-0.453934908,0.88563484,0.0979498178,-0.889914095,-0.456128359,4.47034836e-08,0.0446777195,-0.087166898,0.995191336],"scale":0.99999994,"type":"utah2_guardrailpost"}
{"pos":[-596.268799,-695.726868,155.492477],"rotationMatrix":[-0.453869224,0.885668635,0.0979472473,-0.889947891,-0.456062198,-3.7252903e-08,0.0446700081,-0.0871679634,0.995191634],"scale":0.99999994,"type":"utah2_guardrailpost"}
{"pos":[-595.348328,-697.522827,155.293869],"rotationMatrix":[-0.453848004,0.885679543,0.0979484692,-0.889958918,-0.456040859,-1.11758709e-08,0.0446684882,-0.0871701241,0.995191514],"scale":0.99999994,"type":"utah2_guardrailpost"}
{"pos":[-594.42804,-699.318848,155.09523],"rotationMatrix":[-0.453802228,0.885702789,0.0979503393,-0.889982402,-0.455994964,2.98023224e-08,0.0446648858,-0.0871740654,0.995191276],"scale":0.99999994,"type":"utah2_guardrailpost"}
{"pos":[-593.507812,-701.114807,154.896622],"rotationMatrix":[-0.45380652,0.885700643,0.0979495049,-0.889980257,-0.455999255,7.4505806e-08,0.0446649604,-0.0871730894,0.995191395],"scale":0.99999994,"type":"utah2_guardrailpost"}
{"pos":[-592.587646,-702.910828,154.697998],"rotationMatrix":[-0.453734636,0.885736942,0.0979538187,-0.890017033,-0.455927253,3.7252903e-08,0.0446598455,-0.0871805549,0.995190978],"scale":0.99999994,"type":"utah2_guardrailpost"}
{"pos":[-591.667542,-704.70697,154.499374],"rotationMatrix":[-0.453716755,0.885746658,0.0979483426,-0.890026391,-0.455909014,3.35276127e-08,0.0446555652,-0.0871765912,0.995191514],"scale":0.99999994,"type":"utah2_guardrailpost"}
{"pos":[-590.747559,-706.50293,154.300751],"rotationMatrix":[-0.45366466,0.885772943,0.0979528278,-0.890053153,-0.455856919,0,0.044652462,-0.0871832222,0.995191038],"scale":0.99999994,"type":"utah2_guardrailpost"}
{"pos":[-589.827637,-708.299133,154.102142],"rotationMatrix":[-0.453620672,0.885795712,0.097950533,-0.890075803,-0.455812573,-1.11758709e-08,0.0446470678,-0.087183401,0.995191276],"scale":0.99999994,"type":"utah2_guardrailpost"}
{"pos":[-588.907837,-710.095276,153.903534],"rotationMatrix":[-0.453597546,0.885807514,0.0979496837,-0.890087605,-0.455789328,6.33299351e-08,0.044644475,-0.0871837735,0.995191395],"scale":0.99999994,"type":"utah2_guardrailpost"}
{"pos":[-587.988037,-711.891479,153.70491],"rotationMatrix":[-0.453525782,0.885844231,0.0979507491,-0.890124559,-0.455717206,-4.47034836e-08,0.0446378067,-0.0871883929,0.995191276],"scale":0.99999994,"type":"utah2_guardrailpost"}
{"pos":[-587.068359,-713.687805,153.506271],"rotationMatrix":[-0.453503728,0.885856152,0.0979447663,-0.890136003,-0.455694795,-5.58793545e-08,0.0446328707,-0.0871841908,0.995191872],"scale":0.99999994,"type":"utah2_guardrailpost"}
{"pos":[-586.148682,-715.484131,153.307678],"rotationMatrix":[-0.45348227,0.885866404,0.0979521498,-0.890146971,-0.455673575,-4.47034836e-08,0.0446341559,-0.087191835,0.995191097],"scale":0.99999994,"type":"utah2_guardrailpost"}
{"pos":[-585.229126,-717.280396,153.109055],"rotationMatrix":[-0.45343864,0.885888934,0.0979503542,-0.890169501,-0.455629587,-8.94069672e-08,0.0446290076,-0.0871924534,0.995191276],"scale":0.99999994,"type":"utah2_guardrailpost"}
{"pos":[-584.309692,-719.076843,152.910431],"rotationMatrix":[-0.453425169,0.885895252,0.0979543999,-0.890176177,-0.455616236,-7.4505806e-08,0.0446295664,-0.0871967152,0.995190918],"scale":0.99999994,"type":"utah2_guardrailpost"}
{"pos":[-583.390259,-720.87323,152.711807],"rotationMatrix":[-0.453364134,0.885926545,0.0979542136,-0.890207589,-0.455554962,-2.60770321e-08,0.044623509,-0.0871995986,0.995190918],"scale":0.99999994,"type":"utah2_guardrailpost"}
{"pos":[-582.470947,-722.669678,152.513168],"rotationMatrix":[-0.453341722,0.885938704,0.0979486257,-0.89021939,-0.455532193,-1.04308128e-07,0.0446186513,-0.0871958062,0.995191455],"scale":0.99999994,"type":"utah2_guardrailpost"}
{"pos":[-581.551697,-724.466187,152.314545],"rotationMatrix":[-0.453267097,0.885976315,0.0979540795,-0.890257597,-0.455457449,6.33299351e-08,0.0446139611,-0.0872043371,0.995190918],"scale":0.99999994,"type":"utah2_guardrailpost"}
{"pos":[-580.632568,-726.262695,152.115936],"rotationMatrix":[-0.453243971,0.885988593,0.0979488119,-0.890269518,-0.455433965,3.7252903e-08,0.0446092561,-0.0872008279,0.995191455],"scale":0.99999994,"type":"utah2_guardrailpost"}
{"pos":[-579.713562,-728.059265,151.917297],"rotationMatrix":[-0.453172684,0.886025429,0.0979466885,-0.890306354,-0.455362201,2.23517418e-08,0.0446012355,-0.0872025415,0.995191693],"scale":0.99999994,"type":"utah2_guardrailpost"}
{"pos":[-578.794678,-729.855957,151.718689],"rotationMatrix":[-0.453151464,0.88603586,0.0979494974,-0.890317023,-0.455340981,8.56816769e-08,0.0446005091,-0.0872060657,0.995191395],"scale":0.99999994,"type":"utah2_guardrailpost"}
{"pos":[-577.875732,-731.652588,151.52005],"rotationMatrix":[-0.453069448,0.886078238,0.0979458019,-0.890359282,-0.455258489,-4.84287739e-08,0.0445906147,-0.0872069746,0.995191753],"scale":0.99999994,"type":"utah2_guardrailpost"}
{"pos":[-576.957031,-733.449402,151.321442],"rotationMatrix":[-0.453045607,0.88609004,0.0979486555,-0.890371442,-0.455234647,-1.1920929e-07,0.0445895195,-0.0872107446,0.995191455],"scale":0.99999994,"type":"utah2_guardrailpost"}
{"pos":[-576.03833,-735.246094,151.122803],"rotationMatrix":[-0.452968717,0.8861292,0.097950317,-0.89041096,-0.455157399,-5.96046448e-08,0.0445827618,-0.0872160643,0.995191276],"scale":0.99999994,"type":"utah2_guardrailpost"}
{"pos":[-575.119873,-737.042969,150.924179],"rotationMatrix":[-0.452944994,0.886141956,0.0979455411,-0.890423357,-0.455133438,-9.31322575e-08,0.0445781946,-0.0872130394,0.995191753],"scale":0.99999994,"type":"utah2_guardrailpost"}
{"pos":[-574.201355,-738.839905,150.725555],"rotationMatrix":[-0.452867389,0.886180997,0.0979512185,-0.890462995,-0.455055714,-6.70552254e-08,0.0445732027,-0.0872219652,0.995191216],"scale":0.99999994,"type":"utah2_guardrailpost"}
{"pos":[-573.28302,-740.636841,150.526932],"rotationMatrix":[-0.452843428,0.886193693,0.0979461074,-0.890475333,-0.455031276,-6.33299351e-08,0.044568494,-0.0872186273,0.995191693],"scale":0.99999994,"type":"utah2_guardrailpost"}
{"pos":[-572.364807,-742.433838,150.328323],"rotationMatrix":[-0.452813268,0.886208713,0.0979499593,-0.89049083,-0.455001235,-6.70552254e-08,0.0445672944,-0.0872235671,0.995191336],"scale":0.99999994,"type":"utah2_guardrailpost"}
{"pos":[-571.446594,-744.230835,150.1297],"rotationMatrix":[-0.452740669,0.886246145,0.097947441,-0.890528142,-0.45492816,1.86264515e-08,0.044559069,-0.0872249454,0.995191574],"scale":0.99999994,"type":"utah2_guardrailpost"}
{"pos":[-570.528564,-746.027954,149.931091],"rotationMatrix":[-0.452716112,0.886258721,0.0979466885,-0.890540719,-0.454903483,-1.04308128e-07,0.0445562005,-0.0872255638,0.995191634],"scale":0.99999994,"type":"utah2_guardrailpost"}
{"pos":[-569.610535,-747.825012,149.732468],"rotationMatrix":[-0.452627182,0.88630408,0.097947076,-0.890586317,-0.454814076,-4.84287739e-08,0.0445476733,-0.0872303545,0.995191634],"scale":0.99999994,"type":"utah2_guardrailpost"}
{"pos":[-568.692749,-749.622437,149.533844],"rotationMatrix":[-0.452595353,0.886320055,0.0979498178,-0.890602648,-0.454782248,-4.47034836e-08,0.0445458032,-0.0872343779,0.995191336],"scale":0.999999881,"type":"utah2_guardrailpost"}
{"pos":[-567.775024,-751.419495,149.335236],"rotationMatrix":[-0.452483058,0.886377454,0.0979492664,-0.890660286,-0.454669356,3.7252903e-08,0.044534564,-0.0872395113,0.995191395],"scale":0.99999994,"type":"utah2_guardrailpost"}
{"pos":[-566.857544,-753.216919,149.136612],"rotationMatrix":[-0.452455759,0.886391938,0.0979442373,-0.890674412,-0.4546417,-1.04308128e-07,0.0445294455,-0.0872364715,0.995191932],"scale":0.99999994,"type":"utah2_guardrailpost"}
{"pos":[-565.940063,-755.014282,148.938004],"rotationMatrix":[-0.452367902,0.886436045,0.0979500413,-0.890719235,-0.454553723,-9.68575478e-08,0.0445234776,-0.0872460306,0.995191336],"scale":0.99999994,"type":"utah2_guardrailpost"}
{"pos":[-565.022705,-756.811768,148.73938],"rotationMatrix":[-0.452342153,0.886449695,0.097946018,-0.890732527,-0.454527617,-2.23517418e-08,0.0445191562,-0.0872437209,0.995191753],"scale":0.99999994,"type":"utah2_guardrailpost"}
{"pos":[-564.105408,-758.609253,148.540756],"rotationMatrix":[-0.452263355,0.886489868,0.0979471058,-0.890773058,-0.454448462,-2.98023224e-08,0.0445118845,-0.0872486532,0.995191634],"scale":0.99999994,"type":"utah2_guardrailpost"}
{"pos":[-563.188354,-760.406799,148.342148],"rotationMatrix":[-0.452215791,0.886514127,0.097947292,-0.890797436,-0.454400659,-1.34110451e-07,0.044507198,-0.0872512534,0.995191574],"scale":0.99999994,"type":"utah2_guardrailpost"}
{"pos":[-562.271362,-762.204468,148.143524],"rotationMatrix":[-0.452142119,0.886551321,0.0979501531,-0.890835106,-0.454326749,9.68575478e-08,0.0445014611,-0.0872573927,0.995191336],"scale":0.99999994,"type":"utah2_guardrailpost"}
{"pos":[-561.354492,-764.002197,147.944901],"rotationMatrix":[-0.452061296,0.886592984,0.0979458615,-0.890876532,-0.454245448,-1.52736902e-07,0.0444913283,-0.0872577429,0.995191753],"scale":0.99999994,"type":"utah2_guardrailpost"}
{"pos":[-560.437805,-765.799988,147.746277],"rotationMatrix":[-0.451978087,0.886635602,0.097944811,-0.890919268,-0.454161763,1.75088644e-07,0.0444829352,-0.0872608423,0.995191872],"scale":0.99999994,"type":"utah2_guardrailpost"}
{"pos":[-559.52124,-767.597839,147.547684],"rotationMatrix":[-0.451927543,0.886660814,0.0979483053,-0.890944958,-0.454111099,-1.86264515e-08,0.0444794074,-0.0872665644,0.995191514],"scale":0.99999994,"type":"utah2_guardrailpost"}
{"pos":[-558.604797,-769.395813,147.349075],"rotationMatrix":[-0.451864004,0.886693001,0.0979512408,-0.890977502,-0.454047322,7.4505806e-08,0.0444745794,-0.0872723162,0.995191216],"scale":0.99999994,"type":"utah2_guardrailpost"}
{"pos":[-557.688599,-771.193726,147.150436],"rotationMatrix":[-0.451791167,0.886730611,0.0979472697,-0.891014993,-0.453974128,1.2293458e-07,0.0444656163,-0.0872724205,0.995191634],"scale":0.99999994,"type":"utah2_guardrailpost"}
{"pos":[-556.7724,-772.99176,146.951813],"rotationMatrix":[-0.451721072,0.886765778,0.0979517847,-0.891050756,-0.453903794,-4.84287739e-08,0.0444606394,-0.087280035,0.995191157],"scale":0.99999994,"type":"utah2_guardrailpost"}
{"pos":[-555.856506,-774.789917,146.753189],"rotationMatrix":[-0.451665282,0.886794209,0.0979517177,-0.891079307,-0.453847766,-1.11758709e-08,0.0444551483,-0.087282747,0.995191157],"scale":0.99999994,"type":"utah2_guardrailpost"}
{"pos":[-554.940613,-776.588135,146.554565],"rotationMatrix":[-0.451536179,0.886859894,0.09795136,-0.891145229,-0.453718066,9.68575478e-08,0.0444423929,-0.0872888416,0.995191216],"scale":0.99999994,"type":"utah2_guardrailpost"}
{"pos":[-554.025024,-778.386414,146.355942],"rotationMatrix":[-0.45147872,0.886889398,0.0979508609,-0.891174853,-0.45366025,2.23517418e-08,0.044436425,-0.0872913301,0.995191276],"scale":0.99999994,"type":"utah2_guardrailpost"}
{"pos":[-553.109497,-780.184814,146.157333],"rotationMatrix":[-0.451420307,0.886919379,0.0979472995,-0.891204596,-0.45360136,6.33299351e-08,0.0444290936,-0.0872910619,0.995191574],"scale":0.99999994,"type":"utah2_guardrailpost"}
{"pos":[-552.194214,-781.983276,145.958725],"rotationMatrix":[-0.451346397,0.886957347,0.097944513,-0.891242564,-0.453526974,0,0.0444204658,-0.087292321,0.995191872],"scale":0.99999994,"type":"utah2_guardrailpost"}
{"pos":[-551.278992,-783.781921,145.760117],"rotationMatrix":[-0.451239944,0.887010932,0.0979496464,-0.891296864,-0.453420281,-2.98023224e-08,0.0444123223,-0.0873022303,0.995191395],"scale":0.99999994,"type":"utah2_guardrailpost"}
{"pos":[-550.363953,-785.580505,145.561478],"rotationMatrix":[-0.451177835,0.887043059,0.0979450122,-0.891328752,-0.453357697,-1.1920929e-07,0.0444040075,-0.0873012543,0.995191813],"scale":0.99999994,"type":"utah2_guardrailpost"}
{"pos":[-549.449036,-787.379089,145.362854],"rotationMatrix":[-0.451054096,0.887105763,0.0979459509,-0.891391814,-0.453233361,-1.41561031e-07,0.0443922505,-0.0873082876,0.995191753],"scale":0.99999994,"type":"utah2_guardrailpost"}
{"pos":[-548.534363,-789.178101,145.164261],"rotationMatrix":[-0.450996399,0.887135088,0.0979468897,-0.891421378,-0.453175426,-3.7252903e-09,0.0443871245,-0.0873119533,0.995191634],"scale":0.99999994,"type":"utah2_guardrailpost"}
{"pos":[-547.619812,-790.976807,144.965637],"rotationMatrix":[-0.450876951,0.887195289,0.097951591,-0.891482294,-0.45305562,-5.58793545e-08,0.0443774648,-0.0873221308,0.995191157],"scale":0.99999994,"type":"utah2_guardrailpost"}
{"pos":[-546.705627,-792.775818,144.767014],"rotationMatrix":[-0.450822353,0.88722384,0.0979440659,-0.891510248,-0.453000426,-1.63912773e-07,0.0443685651,-0.0873182118,0.995191932],"scale":0.99999994,"type":"utah2_guardrailpost"}
{"pos":[-545.791504,-794.574951,144.568405],"rotationMatrix":[-0.45070982,0.887280226,0.0979508534,-0.891567588,-0.452887654,-1.86264515e-08,0.0443607196,-0.0873298049,0.995191276],"scale":0.99999994,"type":"utah2_guardrailpost"}
{"pos":[-544.877441,-796.374146,144.369797],"rotationMatrix":[-0.45065558,0.887308598,0.0979438648,-0.891595483,-0.452832937,2.12341547e-07,0.0443523899,-0.0873262137,0.995191932],"scale":0.99999994,"type":"utah2_guardrailpost"}
{"pos":[-543.963684,-798.17334,144.171173],"rotationMatrix":[-0.450537205,0.887369037,0.0979403853,-0.891655922,-0.452713728,5.21540642e-08,0.0443390049,-0.0873290971,0.995192289],"scale":0.99999994,"type":"utah2_guardrailpost"}
{"pos":[-543.05011,-799.972717,143.97258],"rotationMatrix":[-0.450416327,0.887429714,0.0979461968,-0.891717315,-0.452592492,-1.11758709e-08,0.0443297178,-0.08734034,0.995191693],"scale":0.999999881,"type":"utah2_guardrailpost"}
{"pos":[-542.136719,-801.772156,143.773956],"rotationMatrix":[-0.45031023,0.887483716,0.0979460925,-0.891771555,-0.452485919,-1.49011612e-08,0.0443192124,-0.087345548,0.995191693],"scale":0.99999994,"type":"utah2_guardrailpost"}
{"pos":[-541.223633,-803.571777,143.575378],"rotationMatrix":[-0.450185299,0.88754636,0.0979518965,-0.891835034,-0.45236063,-9.31322575e-08,0.0443095043,-0.0873569846,0.995191157],"scale":0.99999994,"type":"utah2_guardrailpost"}
{"pos":[-540.310608,-805.371277,143.37677],"rotationMatrix":[-0.45006609,0.887607098,0.097949937,-0.89189589,-0.452240705,-1.2665987e-07,0.0442968309,-0.0873612091,0.995191336],"scale":0.99999994,"type":"utah2_guardrailpost"}
{"pos":[-539.39801,-807.171204,143.178146],"rotationMatrix":[-0.449946404,0.887668014,0.0979478732,-0.891956925,-0.452120423,-3.7252903e-09,0.0442842171,-0.0873652846,0.995191574],"scale":0.99999994,"type":"utah2_guardrailpost"}
{"pos":[-538.485535,-808.971191,142.979523],"rotationMatrix":[-0.449834347,0.887724698,0.09794797,-0.892013967,-0.452007771,-3.35276127e-08,0.0442732237,-0.0873709768,0.995191514],"scale":0.999999881,"type":"utah2_guardrailpost"}
{"pos":[-537.573486,-810.77124,142.780914],"rotationMatrix":[-0.449723244,0.887781084,0.0979486629,-0.892070591,-0.451896191,0,0.0442626253,-0.0873771161,0.995191455],"scale":0.99999994,"type":"utah2_guardrailpost"}
{"pos":[-536.661499,-812.571411,142.582291],"rotationMatrix":[-0.449613214,0.887836635,0.0979499072,-0.892126501,-0.451785684,1.34110451e-07,0.044252485,-0.0873836502,0.995191336],"scale":0.99999994,"type":"utah2_guardrailpost"}
{"pos":[-535.749817,-814.371704,142.383652],"rotationMatrix":[-0.449510574,0.887889445,0.097941488,-0.892178833,-0.45168221,-1.86264515e-08,0.0442384146,-0.0873813331,0.99519217],"scale":0.99999994,"type":"utah2_guardrailpost"}
{"pos":[-534.838013,-816.173218,142.184982],"rotationMatrix":[-0.451400876,0.887034178,0.0969928354,-0.891236305,-0.453539252,-1.56462193e-07,0.0439899154,-0.086443603,0.995285094],"scale":0.99999994,"type":"utah2_guardrailpost"}
{"pos":[-533.92218,-817.972473,141.988434],"rotationMatrix":[-0.45276475,0.886390805,0.0965151936,-0.890548348,-0.454888344,1.37835741e-07,0.0439037681,-0.0859513879,0.995331526],"scale":0.99999994,"type":"utah2_guardrailpost"}
{"pos":[-533.003906,-819.769897,141.792847],"rotationMatrix":[-0.453143477,0.886170387,0.0967635214,-0.890348434,-0.455279946,7.4505806e-09,0.0440544933,-0.0861532316,0.995307386],"scale":0.99999994,"type":"utah2_guardrailpost"}
{"pos":[-532.085083,-821.566223,141.596771],"rotationMatrix":[-0.452544093,0.886367679,0.0977560803,-0.890633464,-0.454722047,-1.11758709e-08,0.0444518253,-0.0870648324,0.995210409],"scale":0.99999994,"type":"utah2_guardrailpost"}
{"pos":[-531.167847,-823.362366,141.398697],"rotationMatrix":[-0.450907826,0.887004554,0.0995241553,-0.891430438,-0.453157663,-1.41561031e-07,0.0451000035,-0.0887189209,0.995035172],"scale":0.99999994,"type":"utah2_guardrailpost"}
{"pos":[-530.254822,-825.159973,141.196503],"rotationMatrix":[-0.449155211,0.887670338,0.101494029,-0.892277896,-0.451486588,5.21540642e-08,0.0458232462,-0.0905608535,0.994836152],"scale":0.99999994,"type":"utah2_guardrailpost"}
{"pos":[-529.342712,-826.963745,140.989761],"rotationMatrix":[-0.454658151,0.885411978,0.0965997428,-0.889572263,-0.4567945,-1.56462193e-07,0.0441260934,-0.085932523,0.9953233],"scale":0.99999994,"type":"utah2_guardrailpost"}
{"pos":[-528.417664,-828.766052,140.79245],"rotationMatrix":[-0.462656975,0.882464588,0.0848821998,-0.885660946,-0.4643327,-2.60770321e-07,0.0394133404,-0.0751769692,0.996390998],"scale":0.99999994,"type":"utah2_guardrailpost"}
{"pos":[-527.473999,-830.565674,140.619171],"rotationMatrix":[-0.471956849,0.879236639,0.0648052096,-0.881088793,-0.472950935,-3.48314643e-07,0.0306493789,-0.0570993051,0.997897923],"scale":0.99999994,"type":"utah2_guardrailpost"}
{"pos":[-526.510254,-832.359558,140.488083],"rotationMatrix":[-0.479585886,0.876559556,0.0405077972,-0.87727958,-0.479979873,-2.75671482e-07,0.0194426849,-0.0355367959,0.999179244],"scale":0.99999994,"type":"utah2_guardrailpost"}
{"pos":[-525.534119,-834.1427,140.412384],"rotationMatrix":[-0.483922124,0.87464875,0.0284414999,-0.875002682,-0.484117985,3.53902578e-08,0.0137690753,-0.0248863734,0.999595463],"scale":0.99999994,"type":"utah2_guardrailpost"}
{"pos":[-524.552307,-835.916992,140.354248],"rotationMatrix":[-0.486982703,0.872925222,0.0291439258,-0.873296201,-0.487189651,-5.58793545e-09,0.0141986134,-0.025451282,0.999575198],"scale":0.999999881,"type":"utah2_guardrailpost"}
{"pos":[-523.56366,-837.68866,140.294479],"rotationMatrix":[-0.489336133,0.871693075,0.026485296,-0.871998966,-0.489507914,-1.28522515e-07,0.0129646454,-0.0230952129,0.999649227],"scale":0.99999994,"type":"utah2_guardrailpost"}
{"pos":[-522.56897,-839.459839,140.239365],"rotationMatrix":[-0.490621805,0.871201813,0.017246332,-0.871331394,-0.490694761,-1.3038516e-08,0.00846267585,-0.015027279,0.999851286],"scale":0.99999994,"type":"utah2_guardrailpost"}
{"pos":[-521.573853,-841.23407,140.209442],"rotationMatrix":[-0.496409893,0.868065357,0.00630567921,-0.868082643,-0.496419787,-8.28877091e-08,0.00313019147,-0.00547389174,0.999980092],"scale":0.999999881,"type":"utah2_guardrailpost"}
{"pos":[-520.564575,-843.001221,140.19664],"rotationMatrix":[-0.51581502,0.856673777,0.00670246268,-0.85669297,-0.515826583,4.19095159e-09,0.00345731201,-0.00574195059,0.999977529],"scale":0.99999994,"type":"utah2_guardrailpost"}
{"pos":[-519.512878,-844.747192,140.182999],"rotationMatrix":[-0.542687297,0.839905977,0.00696640136,-0.839926362,-0.54270041,7.91624188e-09,0.00378067559,-0.00585125946,0.999975741],"scale":0.99999994,"type":"utah2_guardrailpost"}
{"pos":[-518.405029,-846.45752,140.168839],"rotationMatrix":[-0.567935467,0.823043406,0.00698326342,-0.823063433,-0.567949295,5.84404916e-08,0.00396618806,-0.00574763585,0.999975622],"scale":0.99999994,"type":"utah2_guardrailpost"}
{"pos":[-517.247314,-848.130859,140.154663],"rotationMatrix":[-0.585154533,0.810893178,0.00682594208,-0.810912013,-0.585168123,4.86616045e-08,0.00399436289,-0.00553521048,0.999976695],"scale":0.99999994,"type":"utah2_guardrailpost"}
{"pos":[-516.060547,-849.782715,140.1418],"rotationMatrix":[-0.601440668,0.798877716,0.00795458257,-0.798902988,-0.601459742,4.64497134e-07,0.00478473259,-0.00635466073,0.99996835],"scale":0.99999994,"type":"utah2_guardrailpost"}
{"pos":[-514.831909,-851.410461,140.125366],"rotationMatrix":[-0.633945346,0.773266792,0.0131119993,-0.773333311,-0.633999825,1.16415322e-07,0.00831309333,-0.0101398714,0.99991405],"scale":0.99999994,"type":"utah2_guardrailpost"}
{"pos":[-513.538208,-852.985229,140.098541],"rotationMatrix":[-0.661895633,0.749389172,0.0176136997,-0.749505401,-0.661998272,5.28525561e-07,0.0116606336,-0.0132012125,0.999844849],"scale":1,"type":"utah2_guardrailpost"}
{"pos":[-512.188538,-854.511108,140.062637],"rotationMatrix":[-0.686757684,0.726563215,0.021677183,-0.726733923,-0.686919093,3.50177288e-07,0.0148907248,-0.0157533046,0.999765038],"scale":1,"type":"utah2_guardrailpost"}
{"pos":[-510.788849,-855.990112,140.018539],"rotationMatrix":[-0.70949924,0.7042467,0.0254451185,-0.704474747,-0.709729075,1.40629709e-07,0.0180592388,-0.0179253444,0.999676228],"scale":1,"type":"utah2_guardrailpost"}
{"pos":[-509.343262,-857.423706,139.966827],"rotationMatrix":[-0.730774045,0.682002187,0.0290201642,-0.6822896,-0.731081963,2.69152224e-07,0.0212163031,-0.0197999589,0.999578834],"scale":0.99999994,"type":"utah2_guardrailpost"}
{"pos":[-507.854401,-858.81189,139.907883],"rotationMatrix":[-0.751214147,0.659258425,0.0324881636,-0.659606636,-0.751610875,4.42378223e-07,0.0244187526,-0.0214290768,0.999472141],"scale":0.99999994,"type":"utah2_guardrailpost"}
{"pos":[-506.32373,-860.153503,139.841751],"rotationMatrix":[-0.770676255,0.636224389,0.0357279442,-0.636630893,-0.77116859,8.84756446e-08,0.0275523271,-0.0227454454,0.999361575],"scale":1,"type":"utah2_guardrailpost"}
{"pos":[-504.754974,-861.447632,139.769226],"rotationMatrix":[-0.785007596,0.618390799,0.0368229151,-0.618810534,-0.785540342,-1.17346644e-07,0.0289258119,-0.0227864999,0.999321818],"scale":0.99999994,"type":"utah2_guardrailpost"}
{"pos":[-503.157135,-862.705688,139.694473],"rotationMatrix":[-0.798873067,0.600322545,0.0376129746,-0.600747645,-0.799438834,1.10827386e-07,0.0300693363,-0.0225958154,0.999292374],"scale":0.99999994,"type":"utah2_guardrailpost"}
{"pos":[-501.530853,-863.927124,139.618134],"rotationMatrix":[-0.812610388,0.581558824,0.0381283313,-0.581982017,-0.813201666,4.65661287e-08,0.0310060512,-0.0221899655,0.999272823],"scale":1,"type":"utah2_guardrailpost"}
{"pos":[-499.876373,-865.11084,139.540756],"rotationMatrix":[-0.826566577,0.561530232,0.0383572467,-0.561943769,-0.827175379,9.87201929e-08,0.0317282267,-0.0215545353,0.999264061],"scale":1,"type":"utah2_guardrailpost"}
{"pos":[-498.192871,-866.254272,139.462921],"rotationMatrix":[-0.841129184,0.539479196,0.0382587537,-0.539874494,-0.841745496,-2.14204192e-08,0.0322041214,-0.0206549428,0.999267876],"scale":0.99999994,"type":"utah2_guardrailpost"}
{"pos":[-496.478668,-867.353638,139.385284],"rotationMatrix":[-0.856767416,0.514319181,0.0377564169,-0.514686227,-0.857378721,-3.44589353e-08,0.0323715247,-0.0194327347,0.99928695],"scale":1,"type":"utah2_guardrailpost"}
{"pos":[-494.73111,-868.402954,139.308594],"rotationMatrix":[-0.874182582,0.484209746,0.0366812907,-0.484535843,-0.874771357,4.65661287e-09,0.032087747,-0.0177733973,0.999327004],"scale":0.99999994,"type":"utah2_guardrailpost"}
{"pos":[-492.945312,-869.388306,139.234451],"rotationMatrix":[-0.891605258,0.451486021,0.0346487537,-0.451757282,-0.892140865,-1.44354999e-07,0.0309115052,-0.0156529546,0.999399543],"scale":0.99999994,"type":"utah2_guardrailpost"}
{"pos":[-491.128113,-870.306274,139.164368],"rotationMatrix":[-0.90346539,0.427328974,0.0337720886,-0.427572876,-0.90398097,-1.81607902e-08,0.0305293147,-0.0144400448,0.999429584],"scale":1,"type":"utah2_guardrailpost"}
{"pos":[-489.289154,-871.174561,139.095993],"rotationMatrix":[-0.912278652,0.408183515,0.0336685553,-0.408415079,-0.912796259,3.49245965e-08,0.0307325479,-0.0137507152,0.999433041],"scale":0.99999994,"type":"utah2_guardrailpost"}
{"pos":[-487.433777,-872.003784,139.027802],"rotationMatrix":[-0.919290304,0.392098933,0.0341121182,-0.392327279,-0.919825554,6.19329512e-08,0.0313772261,-0.0133830588,0.99941802],"scale":1,"type":"utah2_guardrailpost"}
{"pos":[-485.564972,-872.800049,138.958679],"rotationMatrix":[-0.92518568,0.37789768,0.0349993184,-0.378129363,-0.925752878,-2.84053385e-08,0.0324007049,-0.013234295,0.999387324],"scale":0.99999994,"type":"utah2_guardrailpost"}
{"pos":[-483.684937,-873.567505,138.887741],"rotationMatrix":[-0.930326343,0.364932984,0.0362880342,-0.365173489,-0.930939436,-1.53668225e-07,0.0337819047,-0.0132515701,0.999341369],"scale":0.99999994,"type":"utah2_guardrailpost"}
{"pos":[-481.794891,-874.308289,138.814178],"rotationMatrix":[-0.93498373,0.352652192,0.0379696414,-0.352906704,-0.935658336,2.28174031e-08,0.0355266258,-0.0133997202,0.999278903],"scale":1,"type":"utah2_guardrailpost"}
{"pos":[-479.89563,-875.024292,138.737106],"rotationMatrix":[-0.939302087,0.340759426,0.0399346277,-0.341031462,-0.940051913,-7.54371285e-08,0.0375405997,-0.0136190355,0.999202311],"scale":1,"type":"utah2_guardrailpost"}
{"pos":[-477.986755,-875.716553,138.656082],"rotationMatrix":[-0.943611264,0.328661889,0.039736785,-0.328921646,-0.944357157,1.11293048e-07,0.0375257581,-0.0130701847,0.999210179],"scale":0.99999994,"type":"utah2_guardrailpost"}
{"pos":[-476.069122,-876.384216,138.575531],"rotationMatrix":[-0.947875023,0.316166669,0.039644707,-0.316415399,-0.948620796,3.86498868e-08,0.0376078002,-0.0125441588,0.999213815],"scale":0.99999994,"type":"utah2_guardrailpost"}
{"pos":[-474.142639,-877.026611,138.495193],"rotationMatrix":[-0.952216983,0.302822739,0.039763961,-0.303062409,-0.952970743,-2.18395144e-07,0.0378938206,-0.0120511688,0.999209106],"scale":0.99999994,"type":"utah2_guardrailpost"}
{"pos":[-472.20694,-877.642151,138.414597],"rotationMatrix":[-0.9567765,0.288042486,0.0401252285,-0.288274646,-0.957547665,-8.33533704e-08,0.0384218022,-0.0115671661,0.999194682],"scale":1,"type":"utah2_guardrailpost"}
{"pos":[-470.261475,-878.227966,138.333252],"rotationMatrix":[-0.96172142,0.27097699,0.0407838859,-0.271202654,-0.962522268,-6.23986125e-08,0.0392553844,-0.0110607585,0.999167979],"scale":1,"type":"utah2_guardrailpost"}
{"pos":[-468.304932,-878.779602,138.250641],"rotationMatrix":[-0.967244864,0.250371009,0.0418516658,-0.250590533,-0.968093157,1.43423676e-07,0.0405163504,-0.0104874941,0.999123812],"scale":0.99999994,"type":"utah2_guardrailpost"}
{"pos":[-466.335602,-879.289978,138.165863],"rotationMatrix":[-0.973665714,0.223788068,0.0435226187,-0.22400032,-0.974589229,-3.44589353e-08,0.042416662,-0.00974911358,0.999052465],"scale":1,"type":"utah2_guardrailpost"}
{"pos":[-464.350159,-879.746704,138.077301],"rotationMatrix":[-0.981171608,0.187660336,0.0456739925,-0.187856406,-0.982196569,-2.15601176e-07,0.0448607989,-0.00858036242,0.998956382],"scale":0.99999994,"type":"utah2_guardrailpost"}
{"pos":[-462.350708,-880.127197,137.985077],"rotationMatrix":[-0.985685706,0.163173601,0.0424059257,-0.163320526,-0.9865731,-2.61701643e-07,0.0418365002,-0.00692601549,0.999100447],"scale":1,"type":"utah2_guardrailpost"}
{"pos":[-460.344727,-880.458252,137.899414],"rotationMatrix":[-0.988803506,0.143450052,0.0411051102,-0.143571407,-0.989639878,-5.70435077e-08,0.0406792499,-0.00590157509,0.999154806],"scale":0.99999994,"type":"utah2_guardrailpost"}
{"pos":[-458.334076,-880.749023,137.816284],"rotationMatrix":[-0.991068721,0.126796007,0.0412992164,-0.126904279,-0.991914988,-1.95810571e-07,0.0409652889,-0.00524124224,0.999146819],"scale":1,"type":"utah2_guardrailpost"}
{"pos":[-456.320068,-881.006104,137.732681],"rotationMatrix":[-0.992766261,0.112222373,0.0426743627,-0.1123247,-0.993671536,8.80099833e-08,0.0424043089,-0.0047932975,0.999089062],"scale":0.99999994,"type":"utah2_guardrailpost"}
{"pos":[-454.303528,-881.233582,137.646271],"rotationMatrix":[-0.994058132,0.0990938395,0.0450431854,-0.0991945267,-0.995068073,-9.4762072e-08,0.0448210239,-0.00446813088,0.998985052],"scale":0.99999994,"type":"utah2_guardrailpost"}
{"pos":[-452.285095,-881.434326,137.555038],"rotationMatrix":[-0.995037436,0.0869797096,0.0483245328,-0.0870814547,-0.996201277,-3.77185643e-08,0.0481409505,-0.0042082076,0.998831689],"scale":1,"type":"utah2_guardrailpost"}
{"pos":[-450.26535,-881.610657,137.457138],"rotationMatrix":[-0.995754957,0.0756245479,0.0524703301,-0.075728856,-0.997128487,7.1246177e-08,0.0523196645,-0.00397344725,0.998622477],"scale":1,"type":"utah2_guardrailpost"}
{"pos":[-448.242615,-881.764282,137.349594],"rotationMatrix":[-0.996550798,0.063551046,0.0533621088,-0.0636417344,-0.997972727,-2.88709998e-07,0.0532539189,-0.00339634507,0.998575211],"scale":0.99999994,"type":"utah2_guardrailpost"}
{"pos":[-446.217743,-881.893127,137.241516],"rotationMatrix":[-0.997251511,0.0516643897,0.0531055368,-0.0517374128,-0.998660684,-3.78815457e-07,0.0530343913,-0.00274792081,0.99858892],"scale":0.99999994,"type":"utah2_guardrailpost"}
{"pos":[-444.191925,-881.997864,137.133911],"rotationMatrix":[-0.997754097,0.0403198712,0.0534884371,-0.0403776951,-0.999184489,-4.71482053e-07,0.053444799,-0.0021602104,0.998568475],"scale":0.99999994,"type":"utah2_guardrailpost"}
{"pos":[-442.165466,-882.079468,137.025574],"rotationMatrix":[-0.998084188,0.0292663258,0.0545130372,-0.0293099266,-0.999570489,-3.61411367e-07,0.0544896051,-0.00159813394,0.998513043],"scale":1,"type":"utah2_guardrailpost"}
{"pos":[-440.138641,-882.138794,136.915131],"rotationMatrix":[-0.998249054,0.0183436852,0.0562340245,-0.0183727574,-0.9998312,4.13274392e-09,0.0562245324,-0.00103316992,0.998417616],"scale":1,"type":"utah2_guardrailpost"}
{"pos":[-438.111786,-882.175842,136.801208],"rotationMatrix":[-0.998247981,0.00729492027,0.0587171502,-0.00730753224,-0.999973297,-6.29515853e-08,0.0587155856,-0.000429140317,0.998274684],"scale":1,"type":"utah2_guardrailpost"}
{"pos":[-436.085175,-882.190613,136.682251],"rotationMatrix":[-0.998060942,-0.00416235533,0.0621066988,0.00417041872,-0.999991417,1.99623173e-07,0.0621061549,0.000259210152,0.998069525],"scale":1,"type":"utah2_guardrailpost"}
{"pos":[-434.059021,-882.18219,136.556473],"rotationMatrix":[-0.997646213,-0.0163099095,0.0666017458,0.016346205,-0.999866247,4.17348929e-08,0.0665928498,0.0010887275,0.997779667],"scale":0.99999994,"type":"utah2_guardrailpost"}
{"pos":[-432.02832,-882.151794,136.420074],"rotationMatrix":[-0.996942759,-0.0402724855,0.0669585839,0.0403630994,-0.999185085,3.92203219e-07,0.0669040009,0.00270304689,0.997755766],"scale":1,"type":"utah2_guardrailpost"}
{"pos":[-429.99704,-882.069214,136.284439],"rotationMatrix":[-0.995500565,-0.06800659,0.0659807175,0.0681551248,-0.997674584,3.16184014e-07,0.0658272803,0.00449723937,0.997820914],"scale":1,"type":"utah2_guardrailpost"}
{"pos":[-427.969543,-881.930115,136.150803],"rotationMatrix":[-0.993339539,-0.0945695043,0.0658281595,0.0947750956,-0.995498776,3.53436917e-07,0.0655318201,0.00623922097,0.997830987],"scale":0.999999881,"type":"utah2_guardrailpost"}
{"pos":[-425.947205,-881.737,136.017456],"rotationMatrix":[-0.990585566,-0.119620629,0.0665664375,0.119886555,-0.9927876,1.92783773e-07,0.0660863072,0.00798061118,0.997781992],"scale":1.00000012,"type":"utah2_guardrailpost"}
{"pos":[-423.931488,-881.492981,135.882629],"rotationMatrix":[-0.987393022,-0.14282687,0.0682335198,0.143160537,-0.989699602,1.70897692e-07,0.0675306618,0.00976851769,0.997669399],"scale":1.00000012,"type":"utah2_guardrailpost"}
{"pos":[-421.923401,-881.201782,135.744415],"rotationMatrix":[-0.983911514,-0.164004356,0.0708559826,0.164417624,-0.986390829,1.01048499e-07,0.0698916689,0.0116500705,0.997486532],"scale":0.99999994,"type":"utah2_guardrailpost"}
{"pos":[-419.923492,-880.867798,135.600861],"rotationMatrix":[-0.980312586,-0.182889223,0.0744210333,0.18339783,-0.983038664,1.76485628e-07,0.0731587261,0.0136488285,0.997226894],"scale":1,"type":"utah2_guardrailpost"}
{"pos":[-417.928162,-880.498169,135.448395],"rotationMatrix":[-0.975703239,-0.205654606,0.0755594224,0.206244186,-0.978500485,-1.02445483e-07,0.0739349574,0.0155835915,0.997141302],"scale":1.00000012,"type":"utah2_guardrailpost"}
{"pos":[-415.940186,-880.078308,135.295258],"rotationMatrix":[-0.969900846,-0.232043073,0.0738125369,0.232677802,-0.972553849,1.32247806e-07,0.0717866346,0.0171746667,0.997272134],"scale":1,"type":"utah2_guardrailpost"}
{"pos":[-413.965118,-879.605103,135.14566],"rotationMatrix":[-0.963987947,-0.255889118,0.0724452436,0.256563246,-0.966527581,-8.1025064e-08,0.0700203329,0.0185867064,0.997372389],"scale":1,"type":"utah2_guardrailpost"}
{"pos":[-412.00296,-879.083618,134.99884],"rotationMatrix":[-0.958098173,-0.277379632,0.0714721009,0.278090835,-0.960554719,6.89178705e-08,0.0686528459,0.0198758021,0.997442603],"scale":1,"type":"utah2_guardrailpost"}
{"pos":[-410.053558,-878.518677,134.854004],"rotationMatrix":[-0.952292204,-0.296830803,0.070931159,0.297580332,-0.954696894,-2.70083547e-08,0.0677177534,0.0211076885,0.997481227],"scale":1.00000012,"type":"utah2_guardrailpost"}
{"pos":[-408.116821,-877.914429,134.710251],"rotationMatrix":[-0.946689248,-0.314255118,0.0708733648,0.315047383,-0.949075937,-4.56348062e-08,0.0672642142,0.0223284252,0.99748534],"scale":1.00000024,"type":"utah2_guardrailpost"}
{"pos":[-406.192383,-877.275024,134.566635],"rotationMatrix":[-0.941340089,-0.329817176,0.0714084879,0.330661297,-0.943749428,2.23517418e-08,0.0673917159,0.0236120466,0.997447133],"scale":1,"type":"utah2_guardrailpost"}
{"pos":[-404.281616,-876.603455,134.421722],"rotationMatrix":[-0.938190699,-0.338515192,0.0721500441,0.339399725,-0.940642238,7.07805157e-08,0.067867361,0.024487773,0.997393787],"scale":1,"type":"utah2_guardrailpost"}
{"pos":[-402.377228,-875.916382,134.275314],"rotationMatrix":[-0.936018109,-0.344454497,0.0722581968,0.345357269,-0.938471317,2.15135515e-07,0.0678121671,0.0249550939,0.997385979],"scale":0.99999994,"type":"utah2_guardrailpost"}
