{"pos":[-100.278,-242.304993,138.656998],"rotationMatrix":[0.707417488,0.605980396,-0.363796979,-0.650563776,0.759451628,-2.03046875e-05,0.276273906,0.236687511,0.931478262],"scale":1,"type":"utah2_rock_flat_b"}
{"pos":[-89.1445007,-208.748001,137.973999],"rotationMatrix":[-0.588128507,-0.808767498,0,0.808767498,-0.588128507,0,0,0,1],"scale":1.80470002,"type":"utah2_rock_flat_b"}
{"pos":[-77.7776794,-229.879669,137.899994],"rotationMatrix":[0.766763449,0.641929746,0,-0.641929746,0.766763449,0,0,0,1],"scale":1.81819999,"type":"utah2_rock_flat_b"}
{"pos":[-245.223007,-150.557999,171.804993],"rotationMatrix":[-0.135595977,-0.990764201,0,0.990764201,-0.135595977,0,0,0,1],"scale":1,"type":"utah2_rock_flat_b"}
{"pos":[-248.716995,-168.223007,170.858002],"rotationMatrix":[-0.10563767,-0.994404674,0,0.994404674,-0.10563767,0,0,0,1],"scale":0.795700014,"type":"utah2_rock_flat_b"}
{"pos":[-76.9517975,-290.007996,135.878006],"rotationMatrix":[0.706962585,-0.705978572,0.0424043126,0.592469215,0.623905659,0.50962925,-0.386243641,-0.33516556,0.859348536],"scale":2.7565999,"type":"utah2_rock_flat_b"}
{"pos":[-477.321991,-225.893997,164.615005],"rotationMatrix":[0.443036199,-0.896503747,0,0.896503747,0.443036199,0,0,0,1],"scale":1,"type":"utah2_rock_flat_b"}
{"pos":[-476.102997,-226.151993,164.354004],"rotationMatrix":[-0.151456237,0.988463938,-1.19220713e-08,-0.973641396,-0.149185061,0.172529072,0.170538768,0.0261306167,0.985004425],"scale":1,"type":"utah2_rock_flat_b"}
{"pos":[-478.510986,-227.074997,165.139008],"rotationMatrix":[-0.49235332,0.870395422,0,-0.870395422,-0.49235332,0,0,0,1],"scale":1,"type":"utah2_rock_flat_b"}
{"pos":[-322.437988,-468.542999,132.764008],"rotationMatrix":[-0.407534599,-0.913050473,-0.0159493443,-0.913098514,0.407678604,-0.00701579731,0.0129079837,0.0117041431,-0.999848187],"scale":1,"type":"utah2_rock_flat_b"}
{"pos":[-115.550003,-720.335999,111.610001],"rotationMatrix":[-0.693122506,0.720819414,-0.000750297739,-0.719971359,-0.692255795,0.049225606,0.0349633768,0.0346595682,0.998787403],"scale":1.97329998,"type":"utah2_rock_flat_b"}
{"pos":[-95.4478989,-730.210022,111.806],"rotationMatrix":[-0.492202938,0.870384872,-0.0129023576,-0.869431674,-0.492283285,-0.0417813957,-0.042717509,-0.00934720598,0.999043465],"scale":2.16980004,"type":"utah2_rock_flat_b"}
{"pos":[-133.291,-726.27002,111.559998],"rotationMatrix":[-0.896212697,0.443624616,0,-0.443624616,-0.896212697,0,0,0,1],"scale":2.37479997,"type":"utah2_rock_flat_b"}
{"pos":[-98.8955994,-782.377991,113.432999],"rotationMatrix":[-0.444856763,-0.895601749,-0.000102996739,0.835222304,-0.414824009,-0.361005247,0.323274195,-0.16068165,0.932563782],"scale":1,"type":"utah2_rock_flat_b"}
{"pos":[-96.5871964,-777.664001,113.281998],"rotationMatrix":[-0.748290002,-0.661779225,0.0459381528,0.662475824,-0.749083281,-8.09259727e-05,0.0344650559,0.0303723607,0.998944283],"scale":1,"type":"utah2_rock_flat_b"}
{"pos":[-110.504997,-786.309021,113.781998],"rotationMatrix":[-0.686170757,0.723211288,-0.0783267617,-0.725443125,-0.688282132,5.64115289e-05,-0.0538701117,0.0568603165,0.996927738],"scale":1,"type":"utah2_rock_flat_b"}
{"pos":[-288.944,-681.945007,108.764],"rotationMatrix":[-0.704251707,0.709950387,4.29295505e-05,-0.709647954,-0.703949928,-0.0292285439,-0.0207205955,-0.0206147172,0.999572754],"scale":1,"type":"utah2_rock_flat_b"}
{"pos":[-292.265991,-679.471985,108.579002],"rotationMatrix":[0.374608517,0.926686764,0.0303333402,-0.927025676,0.373741627,0.0306691118,0.0170838274,-0.0396086946,0.999069214],"scale":1,"type":"utah2_rock_flat_b"}
{"pos":[-281.997986,-683.564026,109.07],"rotationMatrix":[0.985955596,0.167007655,-5.92918514e-05,0.167003825,-0.985935271,-0.00643130485,-0.00113253505,0.00633107871,-0.999979317],"scale":1,"type":"utah2_rock_flat_b"}
{"pos":[-295.006012,-676.56897,108.081001],"rotationMatrix":[-0.91968441,-0.390333384,-0.042666629,0.39069289,-0.92052108,-9.50470494e-05,-0.0392384306,-0.0167569611,0.99908936],"scale":1,"type":"utah2_rock_flat_b"}
{"pos":[-279.334991,-652.797974,108.853996],"rotationMatrix":[0.415065169,0.909791648,0.000123644277,-0.896989226,0.40924716,-0.167113855,-0.152089402,0.0692522377,0.985937595],"scale":1,"type":"utah2_rock_flat_b"}
{"pos":[-288.916992,-684.742981,108.464996],"rotationMatrix":[0.944131851,-0.327334493,-0.0383038111,0.329434872,0.940657616,0.0814611539,0.00936572626,-0.0895286798,0.995940208],"scale":1,"type":"utah2_rock_flat_b"}
{"pos":[-306.894989,-689.882996,107.434998],"rotationMatrix":[-0.564190567,0.825447798,-0.0180248022,-0.825353205,-0.563277066,0.0388720967,0.0219339281,0.0368080996,0.999081612],"scale":1.08630002,"type":"utah2_rock_flat_b"}
{"pos":[-309.752014,-690.932007,107.328003],"rotationMatrix":[-0.489223123,0.872139573,0.00576895336,0.864824772,0.484242678,0.132616639,0.112866648,0.0698682591,-0.991150618],"scale":1.07990003,"type":"utah2_rock_flat_b"}
{"pos":[-315.990997,-700.031006,106.751999],"rotationMatrix":[0.910912991,0.410750061,0.0390116423,0.412093788,-0.910398126,-0.0367963538,0.0204020217,0.0495947339,-0.998561025],"scale":1,"type":"utah2_rock_flat_b"}
{"pos":[-485.897003,-603.55603,151.574997],"rotationMatrix":[0.92369926,0.337220401,-0.18182984,-0.342938125,0.939357996,-5.62663308e-06,0.170801416,0.0623615794,0.983330011],"scale":1.93200004,"type":"utah2_rock_flat_b"}
{"pos":[-433.997986,-748.403015,104.757004],"rotationMatrix":[0.853989601,0.392466903,0.341572076,-0.41760546,0.908628464,7.05899365e-05,-0.310334414,-0.142702654,0.939855576],"scale":1,"type":"utah2_rock_flat_b"}
{"pos":[-604.031982,-104.084,235.209],"rotationMatrix":[0.696833253,-0.717233181,4.06729232e-05,0.714813888,0.694487453,0.0820259675,-0.058859989,-0.0571293458,0.996630192],"scale":1.82529998,"type":"utah2_rock_flat_b"}
{"pos":[-603.755005,-110.580002,236.535004],"rotationMatrix":[-0.870029926,-0.492344439,0.0253945943,0.492963254,-0.869431555,0.0328023508,0.00592880789,0.0410576276,0.99913919],"scale":1.4842,"type":"utah2_rock_flat_b"}
{"pos":[-646.796997,-63.3923988,250.751999],"rotationMatrix":[-0.994560122,-0.024842374,0.101158388,-0.0640242845,-0.620248318,-0.78178829,0.0821647942,-0.78401202,0.615283728],"scale":1,"type":"utah2_rock_flat_b"}
{"pos":[-643.593018,-58.6847992,253.498001],"rotationMatrix":[0.922925949,0.38497752,0,-0.38497752,0.922925949,0,0,0,1],"scale":1,"type":"utah2_rock_flat_b"}
{"pos":[-636.898987,-69.1936035,246.421997],"rotationMatrix":[-0.997683585,-0.0680254549,4.97795627e-05,0.0669787005,-0.982458949,-0.174035251,0.0118877329,-0.173628777,0.984739423],"scale":1,"type":"utah2_rock_flat_b"}
{"pos":[-642.840027,-68.1406021,247.033005],"rotationMatrix":[0.989459276,0.144811392,0,-0.144811392,0.989459276,0,0,0,1],"scale":1,"type":"utah2_rock_flat_b"}
{"pos":[-648.096008,-71.2761002,244.602997],"rotationMatrix":[0.994899273,0.100873373,0,-0.100873373,0.994899273,0,0,0,1],"scale":1,"type":"utah2_rock_flat_b"}
{"pos":[-749.643005,-81.2024002,295.92099],"rotationMatrix":[0.224611044,0.974448502,5.8288897e-05,-0.961073399,0.221537948,-0.165102646,-0.160896942,0.0370278582,0.986276388],"scale":1.47520006,"type":"utah2_rock_flat_b"}
{"pos":[-663.208984,-177.360001,235.653],"rotationMatrix":[-0.453004777,0.891508102,0,-0.891508102,-0.453004777,0,0,0,1],"scale":1.45089996,"type":"utah2_rock_flat_b"}
{"pos":[-663.466003,-179.459,236.097],"rotationMatrix":[0.883154869,-0.469059616,-0.00453294814,0.468930483,0.882584095,0.0339043774,-0.0119024664,-0.0320684537,0.999414802],"scale":1,"type":"utah2_rock_flat_b"}
{"pos":[-664.916992,-173.274002,236.296005],"rotationMatrix":[0.829112768,0.559081376,0,-0.559081376,0.829112768,0,0,0,1],"scale":0.746800005,"type":"utah2_rock_flat_b"}
{"pos":[-573.090027,-370.899994,167.944],"rotationMatrix":[-0.181257725,0.981773853,0.0571462959,0.982453346,0.178174138,0.0551311411,0.0439443216,0.0661365166,-0.996842444],"scale":1,"type":"utah2_rock_flat_b"}
{"pos":[-562.18103,-375.56601,162.828003],"rotationMatrix":[0.526040316,0.850459635,0,-0.850459635,0.526040316,0,0,0,1],"scale":1,"type":"utah2_rock_flat_b"}
{"pos":[-565.346985,-378.811005,162.697998],"rotationMatrix":[-0.88832891,-0.459207743,0,0.459207743,-0.88832891,0,0,0,1],"scale":1,"type":"utah2_rock_flat_b"}
{"pos":[-564.106995,-378.760986,162.505997],"rotationMatrix":[0.843527317,0.534025192,0.0572602786,-0.536386788,0.83218801,0.140542984,0.0274021793,-0.149265498,0.988417387],"scale":1,"type":"utah2_rock_flat_b"}
{"pos":[-563.789978,-381.274994,161.938995],"rotationMatrix":[-0.661851585,-0.747030556,-0.062432602,0.749056816,-0.6623137,-0.0159511901,-0.0294339415,-0.0573228858,0.997921705],"scale":1.75580001,"type":"utah2_rock_flat_b"}
{"pos":[-628.656006,-469.789001,166.093994],"rotationMatrix":[-0.921484292,-0.388180435,-0.0135148326,0.388090581,-0.921578825,0.00884093903,-0.0158868637,0.00290180719,0.999869585],"scale":2.53850007,"type":"utah2_rock_flat_b"}
{"pos":[-762.299011,-146.591995,295.523987],"rotationMatrix":[-0.51997447,-0.854181826,-6.49287904e-05,0.846532464,-0.515328169,0.13349025,-0.114058405,0.0693565607,0.991050124],"scale":1.85309994,"type":"utah2_rock_flat_b"}
{"pos":[-773.296997,-480.175995,199.505997],"rotationMatrix":[-0.663003743,0.748616099,0,-0.748616099,-0.663003743,0,0,0,1],"scale":1,"type":"utah2_rock_flat_b"}
{"pos":[-772.083984,-484.139008,200.444],"rotationMatrix":[-0.631428301,0.775434256,0,-0.775434256,-0.631428301,0,0,0,1],"scale":1.89909995,"type":"utah2_rock_flat_b"}
{"pos":[-772.697998,-481.802002,200.194],"rotationMatrix":[0.544337034,-0.838866591,0,0.838866591,0.544337034,0,0,0,1],"scale":1,"type":"utah2_rock_flat_b"}
{"pos":[-773.070984,-485.635986,201.054001],"rotationMatrix":[-0.325291872,0.945613682,0,-0.945613682,-0.325291872,0,0,0,1],"scale":1.83050001,"type":"utah2_rock_flat_b"}
{"pos":[-505.126007,-615.880981,155.865005],"rotationMatrix":[-0.999779463,-0.0210006125,0,0.0210006125,-0.999779463,0,0,0,1],"scale":1.81470001,"type":"utah2_rock_flat_b"}
{"pos":[-507.641998,-593.129028,163.018997],"rotationMatrix":[-0.880474031,-0.47315222,-0.0298740957,0.47400257,-0.877314031,-0.0751109719,0.00932996068,-0.0802936554,0.996727586],"scale":1.42110002,"type":"utah2_rock_flat_b"}
{"pos":[-514.491028,-596.630005,162.375],"rotationMatrix":[-0.84796375,-0.518831432,-0.108496077,0.521906853,-0.853002489,5.93570803e-05,-0.0925782248,-0.0565745123,0.994096875],"scale":1.69729996,"type":"utah2_rock_flat_b"}
{"pos":[-519.882996,-599.557983,161.919006],"rotationMatrix":[0.815815449,0.574453831,0.0666932091,-0.575738549,0.817633867,5.25569667e-05,-0.0545004345,-0.0384407267,0.997773528],"scale":1,"type":"utah2_rock_flat_b"}
{"pos":[-526.773987,-603.164001,161.735001],"rotationMatrix":[-0.948933005,-0.315477669,0,0.315477669,-0.948933005,0,0,0,1],"scale":1,"type":"utah2_rock_flat_b"}
{"pos":[-524.047974,-603.698975,160.468994],"rotationMatrix":[-0.946749151,-0.318281025,0.0486131087,0.318655103,-0.947870731,-5.80613341e-05,0.0460974202,0.0154358456,0.998817682],"scale":1,"type":"utah2_rock_flat_b"}
{"pos":[-591.645996,-703.143982,136.237],"rotationMatrix":[-0.656437933,-0.752395809,0.054679282,0.75008148,-0.643253982,0.153629661,-0.0804176405,0.141862258,0.986614466],"scale":3.58699989,"type":"utah2_rock_flat_b"}
{"pos":[-530.547974,-831.018005,140.875],"rotationMatrix":[0.69327879,-0.720669508,0,0.720669508,0.69327879,0,0,0,1],"scale":0.498600006,"type":"utah2_rock_flat_b"}
{"pos":[-564.26001,-918.364014,129.520004],"rotationMatrix":[0.137832284,0.990455568,0,-0.990455568,0.137832284,0,0,0,1],"scale":2.04780006,"type":"utah2_rock_flat_b"}
{"pos":[-563.255005,-902.734985,129.475006],"rotationMatrix":[0.00395989418,0.999992132,0,-0.999992132,0.00395989418,0,0,0,1],"scale":2.06789994,"type":"utah2_rock_flat_b"}
{"pos":[-687.810974,-889.562012,111.497002],"rotationMatrix":[0.967741847,-0.251943886,0,0.251943886,0.967741847,0,0,0,1],"scale":1.61170006,"type":"utah2_rock_flat_b"}
{"pos":[-687.864014,-890.887024,113.072998],"rotationMatrix":[0.99633646,-0.0855199322,0,0.0855199322,0.99633646,0,0,0,1],"scale":1.4605,"type":"utah2_rock_flat_b"}
{"pos":[-763.935974,-500.076996,202.615997],"rotationMatrix":[0.572394133,-0.819978654,0,0.819978654,0.572394133,0,0,0,1],"scale":1,"type":"utah2_rock_flat_b"}
{"pos":[-860.372986,-735.302979,156.542999],"rotationMatrix":[-0.51963228,-0.854390025,0,0.854390025,-0.51963228,0,0,0,1],"scale":2.24480009,"type":"utah2_rock_flat_b"}
{"pos":[-856.132996,-741.692017,156.544006],"rotationMatrix":[0.929316282,-0.369284779,0,0.369284779,0.929316282,0,0,0,1],"scale":2.20359993,"type":"utah2_rock_flat_b"}
{"pos":[-898.296021,-704.671997,160.557007],"rotationMatrix":[-0.217043281,0.976161957,0,-0.976161957,-0.217043281,0,0,0,1],"scale":1.83679998,"type":"utah2_rock_flat_b"}
{"pos":[-953.502014,-636.52301,242.858002],"rotationMatrix":[0.96207583,-0.272782147,7.48717721e-05,0.256184459,0.903443098,-0.343744218,0.0936996415,0.33072719,0.939063311],"scale":1,"type":"utah2_rock_flat_b"}
{"pos":[-787.382019,-764.575989,122.003998],"rotationMatrix":[-0.988803327,0.117734432,0.091687426,0.0952054486,0.970860243,-0.219923422,-0.114908241,-0.208731875,-0.971198797],"scale":3.90319991,"type":"utah2_rock_flat_b"}
{"pos":[-805.538025,-929.770996,148.264008],"rotationMatrix":[0.915040493,0.403362006,0,-0.403362006,0.915040493,0,0,0,1],"scale":2.45449996,"type":"utah2_rock_flat_b"}
{"pos":[-955.356995,-831.366028,111.181999],"rotationMatrix":[-0.990450203,0.137870938,0,-0.137870938,-0.990450203,0,0,0,1],"scale":1.70299995,"type":"utah2_rock_flat_b"}
{"pos":[-1023.54999,-774.617004,103.061996],"rotationMatrix":[-0.215580761,-0.283157587,0.934530199,0.917288423,-0.386877239,0.0943816602,0.334823579,0.877580643,0.343140483],"scale":1,"type":"utah2_rock_flat_b"}
{"pos":[-1013.69,-626.18103,226.408997],"rotationMatrix":[-0.911219537,-0.411921054,0,0.411921054,-0.911219537,0,0,0,1],"scale":4.78649998,"type":"utah2_rock_flat_b"}
{"pos":[-1020.66998,-619.541992,226.723007],"rotationMatrix":[0.815398455,0.578900158,0,-0.578900158,0.815398455,0,0,0,1],"scale":4.2493,"type":"utah2_rock_flat_b"}
{"pos":[-1012.54999,-593.629028,259.130005],"rotationMatrix":[0.931629658,-0.363409102,0,0.363409102,0.931629658,0,0,0,1],"scale":2.25160003,"type":"utah2_rock_flat_b"}
{"pos":[-1020.28003,-600.66803,245.748001],"rotationMatrix":[-0.968246102,0.249998972,0,-0.249998972,-0.968246102,0,0,0,1],"scale":2.59990001,"type":"utah2_rock_flat_b"}
{"pos":[-150.026001,696.106018,206.494995],"rotationMatrix":[0.990031242,0.140847936,0,-0.140847936,0.990031242,0,0,0,1],"scale":1,"type":"utah2_rock_flat_b"}
{"pos":[-153.292999,713.172974,198.641998],"rotationMatrix":[0.983981371,0.176481068,-0.0252010673,-0.171810493,0.976509571,0.130039275,0.0475585535,-0.123626411,0.991188526],"scale":1,"type":"utah2_rock_flat_b"}
{"pos":[-157.229004,711.817017,198.658005],"rotationMatrix":[-0.991291106,-0.124715008,0.042286057,0.122672118,-0.991291106,-0.0478904508,0.0478904508,-0.042286057,0.99795711],"scale":1.27579999,"type":"utah2_rock_flat_b"}
{"pos":[-183.425995,675.017029,220.641006],"rotationMatrix":[0.974734306,0.223367482,0,-0.223367482,0.974734306,0,0,0,1],"scale":1,"type":"utah2_rock_flat_b"}
{"pos":[-316.061005,679.862,202.462006],"rotationMatrix":[0.788056135,-0.608450949,0.0935679823,0.585790217,0.694451094,-0.417836696,0.189254761,0.384089977,0.903691053],"scale":1,"type":"utah2_rock_flat_b"}
{"pos":[-357.912994,626.403015,220.746002],"rotationMatrix":[0.897393227,0.441231668,0,-0.441231668,0.897393227,0,0,0,1],"scale":1.49790001,"type":"utah2_rock_flat_b"}
{"pos":[-449.673004,621.81897,225.509003],"rotationMatrix":[0.977829456,0.19789426,-0.068464689,-0.190703034,0.976621151,0.0992143005,0.0864979997,-0.0839582384,0.992707968],"scale":1.44620001,"type":"utah2_rock_flat_b"}
{"pos":[-50.6318016,231.235992,235.824005],"rotationMatrix":[-0.800213814,-0.599469543,-0.0171493087,-0.598830283,0.800259352,-0.0314201973,0.0325593464,-0.01487335,-0.999359131],"scale":1,"type":"utah2_rock_flat_b"}
{"pos":[-49.5416985,227.505005,233.820999],"rotationMatrix":[0.790297031,0.612723947,-5.36719062e-06,0.612716615,-0.790287673,-0.00487057259,-0.00298855803,0.00384591054,-0.999988139],"scale":1,"type":"utah2_rock_flat_b"}
{"pos":[-54.0726013,222.686996,234.106995],"rotationMatrix":[0.511960268,0.859009147,0,-0.859009147,0.511960268,0,0,0,1],"scale":1.31280005,"type":"utah2_rock_flat_b"}
{"pos":[-43.3670006,232.567993,234.121002],"rotationMatrix":[0.901422977,0.4329395,0,-0.4329395,0.901422977,0,0,0,1],"scale":1.32159996,"type":"utah2_rock_flat_b"}
{"pos":[-49.3498993,225.822998,233.070007],"rotationMatrix":[-0.982026041,-0.188745484,0,0.188745484,-0.982026041,0,0,0,1],"scale":1,"type":"utah2_rock_flat_b"}
{"pos":[-2.68791175,204.559341,236.875488],"rotationMatrix":[-0.999716103,0.00943753496,0.0218812898,-0.0065872143,-0.99189949,0.12685433,0.0229012314,0.126674131,0.991679847],"scale":1.82099998,"type":"utah2_rock_flat_b"}
{"pos":[-249.216003,184.660995,196.544006],"rotationMatrix":[-0.213993073,-0.976835191,0,0.976835191,-0.213993073,0,0,0,1],"scale":1,"type":"utah2_rock_flat_b"}
{"pos":[-249.987,186.145004,197.421997],"rotationMatrix":[-0.316461682,-0.948605299,0,0.948605299,-0.316461682,0,0,0,1],"scale":1,"type":"utah2_rock_flat_b"}
{"pos":[-247.723007,193.453995,197.723007],"rotationMatrix":[-0.335326195,-0.939335167,0.0721509382,0.936489105,-0.340696931,-0.0831491649,0.102686539,0.0396864749,0.993921757],"scale":1,"type":"utah2_rock_flat_b"}
{"pos":[-249.768997,195.664993,199.863998],"rotationMatrix":[-0.0598922968,-0.995472431,-0.0738077089,0.976809561,-0.0432214141,-0.209702238,0.205562726,-0.0846556202,0.974975586],"scale":1,"type":"utah2_rock_flat_b"}
{"pos":[-180.684006,36.1467018,172.009995],"rotationMatrix":[-0.276153445,-0.961113572,-7.21059623e-05,0.907125831,-0.260616541,-0.330456913,0.317587823,-0.0913222283,0.943821073],"scale":1.49430001,"type":"utah2_rock_flat_b"}
{"pos":[-180.416,35.1156998,171.259003],"rotationMatrix":[0.216494322,0.976283848,0,-0.976283848,0.216494322,0,0,0,1],"scale":1.51740003,"type":"utah2_rock_flat_b"}
{"pos":[-187.903,34.6691017,175.190994],"rotationMatrix":[0.535523415,-0.84452039,0,0.84452039,0.535523415,0,0,0,1],"scale":1.48140001,"type":"utah2_rock_flat_b"}
{"pos":[-189.436996,35.2971992,175.451996],"rotationMatrix":[-0.0308271646,0.999524713,0,-0.999524713,-0.0308271646,0,0,0,1],"scale":2.05570006,"type":"utah2_rock_flat_b"}
{"pos":[-189.313004,36.9039993,176.031998],"rotationMatrix":[0.18724966,0.982312381,0,-0.982312381,0.18724966,0,0,0,1],"scale":1,"type":"utah2_rock_flat_b"}
{"pos":[-190.199997,36.7913017,176.363007],"rotationMatrix":[-0.593521237,-0.804818332,-5.73162251e-05,0.793311834,-0.585023642,-0.168533996,0.135605723,-0.100073978,0.985695839],"scale":1,"type":"utah2_rock_flat_b"}
{"pos":[-163.175003,77.2253036,176.393997],"rotationMatrix":[0.998341084,-0.0575767383,0,0.0575767383,0.998341084,0,0,0,1],"scale":1,"type":"utah2_rock_flat_b"}
{"pos":[-451.157013,319.549011,281.884003],"rotationMatrix":[0.771252632,0.636529148,0,-0.636529148,0.771252632,0,0,0,1],"scale":2.02959991,"type":"utah2_rock_flat_b"}
{"pos":[-447.992004,316.638,284.158997],"rotationMatrix":[-0.746534646,-0.665346563,0,0.665346563,-0.746534646,0,0,0,1],"scale":2.01690006,"type":"utah2_rock_flat_b"}
{"pos":[-447.858002,316.13501,284.794006],"rotationMatrix":[0.803929329,0.594724834,0,-0.594724834,0.803929329,0,0,0,1],"scale":1.7148,"type":"utah2_rock_flat_b"}
{"pos":[-250.682999,187.998993,198.298004],"rotationMatrix":[0.389984965,0.920821249,0,-0.920821249,0.389984965,0,0,0,1],"scale":1,"type":"utah2_rock_flat_b"}
{"pos":[-251.783997,188.059006,199.753998],"rotationMatrix":[-0.27703166,-0.960860789,5.69592921e-05,0.909823239,-0.262335777,-0.321561188,0.308990479,-0.0890308022,0.946888804],"scale":1,"type":"utah2_rock_flat_b"}
{"pos":[-256.36499,184.695999,202.190002],"rotationMatrix":[-0.140254796,-0.984138966,-0.108623646,0.962387145,-0.109722435,-0.248539701,0.232679144,-0.139396876,0.962511778],"scale":1,"type":"utah2_rock_flat_b"}
{"pos":[-371.785004,214.117004,243.718002],"rotationMatrix":[-0.654861271,-0.755749106,0,0.755749106,-0.654861271,0,0,0,1],"scale":1,"type":"utah2_rock_flat_b"}
{"pos":[-344.386993,184.263,239.908997],"rotationMatrix":[-0.478531718,-0.878070295,6.26032197e-05,0.877113461,-0.478006959,0.0467042699,-0.0409797058,0.0224043857,0.998908758],"scale":1,"type":"utah2_rock_flat_b"}
{"pos":[-341.649994,184.257004,238.104996],"rotationMatrix":[0.302365065,-0.951927722,0.0490812585,-0.944755197,-0.292455375,0.14801155,-0.126542225,-0.0911232978,-0.987766981],"scale":1,"type":"utah2_rock_flat_b"}
{"pos":[-342.164001,180.123993,239.923004],"rotationMatrix":[-0.999366283,-0.0355953872,0,0.0355953872,-0.999366283,0,0,0,1],"scale":1,"type":"utah2_rock_flat_b"}
{"pos":[-315.34201,42.282299,204.658005],"rotationMatrix":[-0.677889049,-0.735164225,0,0.735164225,-0.677889049,0,0,0,1],"scale":1,"type":"utah2_rock_flat_b"}
{"pos":[-314.688995,40.2568016,202.615005],"rotationMatrix":[-0.773081124,-0.634213984,-0.0108547807,0.625495136,-0.759387493,-0.179126993,0.105361834,-0.145269305,0.983765841],"scale":1,"type":"utah2_rock_flat_b"}
{"pos":[-303.722992,41.8656998,202.322998],"rotationMatrix":[-0.983798623,-0.179277077,0,0.179277077,-0.983798623,0,0,0,1],"scale":1,"type":"utah2_rock_flat_b"}
{"pos":[-315.132996,37.3478012,201.306],"rotationMatrix":[-0.767859221,-0.640618622,0,0.640618622,-0.767859221,0,0,0,1],"scale":1,"type":"utah2_rock_flat_b"}
{"pos":[-311.78299,40.0284996,201.490005],"rotationMatrix":[0.995497823,0.0947818235,8.82893801e-05,-0.0944381282,0.991807699,0.08601702,0.00806543231,-0.0856380761,0.996293306],"scale":1,"type":"utah2_rock_flat_b"}
{"pos":[-313.851013,46.473999,205.860001],"rotationMatrix":[-0.920226872,-0.388037264,-0.0510841794,-0.386452675,0.880199432,0.275505513,-0.0619421341,0.273269176,-0.959941208],"scale":1,"type":"utah2_rock_flat_b"}
{"pos":[-313.960999,50.490799,207.572006],"rotationMatrix":[0.932757616,0.357411385,-0.0471204892,-0.355830669,0.933745384,0.0387827009,0.05785992,-0.0194079448,0.998136044],"scale":1,"type":"utah2_rock_flat_b"}
{"pos":[-301.795013,43.3363991,203.207001],"rotationMatrix":[0.978286624,0.207256556,0,-0.207256556,0.978286624,0,0,0,1],"scale":1,"type":"utah2_rock_flat_b"}
{"pos":[-296.93277,45.0454102,203.288071],"rotationMatrix":[0.973360181,0.22899811,-0.0113672614,-0.227667406,0.971195459,0.0703344196,0.0271463692,-0.0658727437,0.997458577],"scale":1,"type":"utah2_rock_flat_b"}
{"pos":[-321.619995,31.2612,201.186005],"rotationMatrix":[0.849303246,0.527905285,0,-0.527905285,0.849303246,0,0,0,1],"scale":1,"type":"utah2_rock_flat_b"}
{"pos":[-320.330994,31.0200005,200.789993],"rotationMatrix":[-0.838441193,-0.544991076,-0.000422015786,0.544968188,-0.838398457,-0.00988383871,0.00503261387,-0.00851714611,0.999950647],"scale":1,"type":"utah2_rock_flat_b"}
{"pos":[-326.709015,29.0839005,201.182007],"rotationMatrix":[-0.936697125,-0.350140691,0,0.350140691,-0.936697125,0,0,0,1],"scale":1,"type":"utah2_rock_flat_b"}
{"pos":[-312.899994,33.1703987,198.537003],"rotationMatrix":[-0.721879005,-0.692018867,-6.04689121e-05,0.688228369,-0.717915833,-0.104587778,0.0723332912,-0.0755412877,0.994515538],"scale":1,"type":"utah2_rock_flat_b"}
{"pos":[-317.949005,28.0149994,198.414001],"rotationMatrix":[-0.678410947,-0.73468262,0,0.73468262,-0.678410947,0,0,0,1],"scale":1,"type":"utah2_rock_flat_b"}
{"pos":[-343.247986,4.31489992,187.779007],"rotationMatrix":[0.924171209,0.381978512,-5.73472971e-05,-0.315858185,0.764281988,0.562233627,0.214804977,-0.519582033,0.826978445],"scale":1,"type":"utah2_rock_flat_b"}
{"pos":[-377.697998,215.128006,244.716995],"rotationMatrix":[-0.357262969,0.93400383,0,-0.93400383,-0.357262969,0,0,0,1],"scale":1,"type":"utah2_rock_flat_b"}
{"pos":[-420.291992,231.960999,256.864014],"rotationMatrix":[-0.267226815,-0.963633657,0,0.963633657,-0.267226815,0,0,0,1],"scale":2.05850005,"type":"utah2_rock_flat_b"}
{"pos":[-558.695007,881.786987,297.398987],"rotationMatrix":[0.974418402,-0.224728152,-0.00245635491,0.220501155,0.958089113,-0.182878345,0.0434513204,0.177658394,0.983132482],"scale":2.06419992,"type":"utah2_rock_flat_b"}
{"pos":[-513.007019,548.992981,267.641998],"rotationMatrix":[0.315513015,-0.948921263,0,0.948921263,0.315513015,0,0,0,1],"scale":1,"type":"utah2_rock_flat_b"}
{"pos":[-509.763,544.953003,267.628998],"rotationMatrix":[-0.853653848,0.520840764,0,-0.520840764,-0.853653848,0,0,0,1],"scale":1,"type":"utah2_rock_flat_b"}
{"pos":[-617.078003,528.827026,258.095001],"rotationMatrix":[-0.934915245,0.209419101,-0.286491066,-0.218570337,-0.975821197,-3.78978366e-05,-0.27957198,0.0625830144,0.958082914],"scale":1.89610004,"type":"utah2_rock_flat_b"}
{"pos":[-621.593994,521.810974,261.141998],"rotationMatrix":[-0.676439583,-0.736498117,0,0.736498117,-0.676439583,0,0,0,1],"scale":1,"type":"utah2_rock_flat_b"}
{"pos":[-620.646973,518.773987,262.501007],"rotationMatrix":[0.75219202,0.658943951,0,-0.658943951,0.75219202,0,0,0,1],"scale":1,"type":"utah2_rock_flat_b"}
{"pos":[-682.083008,564.239014,238.673004],"rotationMatrix":[-0.980831325,-0.1948587,0,0.1948587,-0.980831325,0,0,0,1],"scale":1.95550001,"type":"utah2_rock_flat_b"}
{"pos":[-676.762024,567.140015,238.423004],"rotationMatrix":[0.984336257,0.176301256,0,-0.176301256,0.984336257,0,0,0,1],"scale":1.63849998,"type":"utah2_rock_flat_b"}
{"pos":[-685.195984,556.06897,239.755005],"rotationMatrix":[0.945915461,0.280217886,-0.163468301,-0.301642716,0.94515419,-0.125280604,0.119396888,0.167813882,0.97856164],"scale":1,"type":"utah2_rock_flat_b"}
{"pos":[-661.005981,550.258972,242.962997],"rotationMatrix":[-0.949986756,-0.287011653,0.123083204,0.289207637,-0.95726639,-2.58732107e-05,0.117830835,0.0355720222,0.992396355],"scale":1,"type":"utah2_rock_flat_b"}
{"pos":[-640.38501,511.967987,262.404999],"rotationMatrix":[0.993050098,0.117559254,0.00559675694,-0.117161073,0.991962075,-0.0477966964,-0.0111707151,0.0468087904,0.998841405],"scale":1.92400002,"type":"utah2_rock_flat_b"}
{"pos":[-660.541016,512.242004,262.149994],"rotationMatrix":[-0.999887526,-0.0149978427,0,0.0149978427,-0.999887526,0,0,0,1],"scale":1.89489996,"type":"utah2_rock_flat_b"}
{"pos":[-631.487976,511.873993,262.450012],"rotationMatrix":[0.981682658,-0.190523386,0,0.190523386,0.981682658,0,0,0,1],"scale":1.69330001,"type":"utah2_rock_flat_b"}
{"pos":[-680.559998,547.93103,245.955994],"rotationMatrix":[-0.99992311,-0.0124005675,0,0.0124005675,-0.99992311,0,0,0,1],"scale":1,"type":"utah2_rock_flat_b"}
{"pos":[-696.315979,551.036987,244.955994],"rotationMatrix":[-0.751038671,-0.341999501,0.564780712,0.377377987,-0.924251139,-0.05784183,0.541781127,0.169694364,0.823211432],"scale":1.60450006,"type":"utah2_rock_flat_b"}
{"pos":[-692.565979,553.096008,242.438004],"rotationMatrix":[0.780436516,0.353063971,-0.516008377,-0.453805327,0.887587547,-0.079051137,0.430092514,0.295861751,0.852928042],"scale":1,"type":"utah2_rock_flat_b"}
{"pos":[-689.296997,554.52002,240.843994],"rotationMatrix":[-0.878971279,-0.373256773,0.296797723,-0.420960456,0.899739504,-0.115156896,-0.224057525,-0.226159707,-0.947971523],"scale":1,"type":"utah2_rock_flat_b"}
{"pos":[-726.619019,533.958984,254.748001],"rotationMatrix":[0.961607337,0.274429083,-7.44107965e-05,-0.273998708,0.96011436,0.0557236746,0.0153636402,-0.0535639077,0.998446226],"scale":1.54939997,"type":"utah2_rock_flat_b"}
{"pos":[-721.479004,534.968994,254.888],"rotationMatrix":[0.998305798,0.0581853464,-8.05130821e-06,-0.0581365488,0.997474194,0.0408090055,0.00238251709,-0.0407393984,0.999166965],"scale":1,"type":"utah2_rock_flat_b"}
{"pos":[-788.963989,574.437012,232.041],"rotationMatrix":[0.994037628,0.109037578,0,-0.109037578,0.994037628,0,0,0,1],"scale":1,"type":"utah2_rock_flat_b"}
{"pos":[-795.601013,575.726013,231.960999],"rotationMatrix":[-0.409640789,0.912240386,0.00345539255,0.908044815,0.408114076,-0.0943265557,-0.087458685,-0.0355023518,-0.995535314],"scale":1,"type":"utah2_rock_flat_b"}
{"pos":[-791.861023,579.892029,230.951004],"rotationMatrix":[-0.857879162,-0.513851464,-7.78457688e-05,-0.512551904,0.855720282,-0.070946008,0.0365223251,-0.0608232021,-0.997480154],"scale":1,"type":"utah2_rock_flat_b"}
{"pos":[-795.624023,573.840027,232.556],"rotationMatrix":[0.982922077,-0.153082043,-0.102127761,-0.149181873,-0.987792671,0.0448375978,-0.107744887,-0.0288362559,-0.993760288],"scale":1,"type":"utah2_rock_flat_b"}
{"pos":[-612.71698,489.678986,274.128998],"rotationMatrix":[0.973918915,0.226896331,0,-0.226896331,0.973918915,0,0,0,1],"scale":1.39680004,"type":"utah2_rock_flat_b"}
{"pos":[-599.401978,336.369995,298.554993],"rotationMatrix":[-0.790994167,-0.507920563,-0.341093749,0.471988231,-0.8613168,0.188043818,-0.389301091,-0.0122506665,0.921029091],"scale":1.4253,"type":"utah2_rock_flat_b"}
{"pos":[-708.208008,389.812012,295.609009],"rotationMatrix":[0.716486692,0.697600782,0,-0.697600782,0.716486692,0,0,0,1],"scale":1,"type":"utah2_rock_flat_b"}
{"pos":[-507.613007,86.6975021,227.725006],"rotationMatrix":[0.427067757,-0.904219627,-4.91477149e-05,0.712230265,0.336423635,-0.616074026,0.557082772,0.263070345,0.787688255],"scale":1,"type":"utah2_rock_flat_b"}
{"pos":[-743.815002,177.238007,272.332001],"rotationMatrix":[0.276849627,-0.960913241,0,0.960913241,0.276849627,0,0,0,1],"scale":2.03699994,"type":"utah2_rock_flat_b"}
{"pos":[-746.403992,183.535995,272.09201],"rotationMatrix":[0.244751453,-0.96370697,0.106609419,0.965488911,0.232142329,-0.118072405,0.0890386477,0.131828606,0.987265587],"scale":1.40929997,"type":"utah2_rock_flat_b"}
{"pos":[-795.536011,384.477997,257.139008],"rotationMatrix":[0.961963654,-0.273177475,0,0.273177475,0.961963654,0,0,0,1],"scale":1,"type":"utah2_rock_flat_b"}
{"pos":[-781.312988,355.062012,256.721985],"rotationMatrix":[0.48743248,-0.87316066,-2.00768391e-05,0.820042551,0.457787752,-0.343453914,0.299899668,0.167394131,0.939169526],"scale":1,"type":"utah2_rock_flat_b"}
{"pos":[-789.463013,370.888,255.546005],"rotationMatrix":[0.214336872,-0.972685874,-0.0891174003,0.976147711,0.216538668,-0.0157057606,0.0345741361,-0.0836254209,0.995897293],"scale":1.58099997,"type":"utah2_rock_flat_b"}
{"pos":[-910.948975,206.595001,256.330994],"rotationMatrix":[0.143125772,0.989330173,0.0272188708,-0.989696741,0.143179536,-2.65464078e-05,-0.00392344873,-0.0269346293,0.999629498],"scale":1.745,"type":"utah2_rock_flat_b"}
{"pos":[-910.327026,215.125,256.619995],"rotationMatrix":[-0.12687254,0.991823614,0.0137579786,-0.991917312,-0.126886129,0.000115889256,0.00186063827,-0.0136320731,0.999905348],"scale":1.44980001,"type":"utah2_rock_flat_b"}
{"pos":[-911.400024,222.917999,256.570007],"rotationMatrix":[-0.236918092,0.970528841,0.0440865494,-0.971507609,-0.236974359,-0.00402112911,0.00654475996,-0.0437830947,0.999019623],"scale":1.63310003,"type":"utah2_rock_flat_b"}
{"pos":[-912.01001,199.835999,256.296997],"rotationMatrix":[0.21829319,0.975883245,0,-0.975883245,0.21829319,0,0,0,1],"scale":1.55330002,"type":"utah2_rock_flat_b"}
{"pos":[909.869019,-12.7551003,197.406998],"rotationMatrix":[-0.128163099,0.991674125,0.0125145074,-0.988802969,-0.126799107,-0.078681089,-0.0764391795,-0.022458395,0.996821284],"scale":1.85679996,"type":"utah2_rock_flat_b"}
{"pos":[885.5,-217.315994,152.660995],"rotationMatrix":[0.0610635281,-0.998133898,0,0.998133898,0.0610635281,0,0,0,1],"scale":2.07789993,"type":"utah2_rock_flat_b"}
{"pos":[910.521973,-266.01001,190.123993],"rotationMatrix":[0.163223386,-0.986589134,0,0.986589134,0.163223386,0,0,0,1],"scale":1.83179998,"type":"utah2_rock_flat_b"}
{"pos":[605.559021,-66.9560013,134.824005],"rotationMatrix":[-0.401802897,-0.915726185,0,0.915726185,-0.401802897,0,0,0,1],"scale":1,"type":"utah2_rock_flat_b"}
{"pos":[604.104004,-70.9156036,134.748993],"rotationMatrix":[-0.451130033,-0.892421484,-0.00809639134,-0.887529671,0.449572325,-0.100875303,0.0936632007,-0.0383220911,-0.994866133],"scale":1,"type":"utah2_rock_flat_b"}
{"pos":[606.495972,-63.6483994,135.414993],"rotationMatrix":[0.569013596,0.822328091,0,-0.822328091,0.569013596,0,0,0,1],"scale":1,"type":"utah2_rock_flat_b"}
{"pos":[606.203979,-68.2763977,134.100006],"rotationMatrix":[0.36651957,0.930410326,0,-0.930410326,0.36651957,0,0,0,1],"scale":1.19089997,"type":"utah2_rock_flat_b"}
{"pos":[511.748993,-244.966995,128.261993],"rotationMatrix":[0.321353674,-0.946959257,0,0.946959257,0.321353674,0,0,0,1],"scale":1,"type":"utah2_rock_flat_b"}
{"pos":[512.051025,-247.882004,127.970001],"rotationMatrix":[-0.418548465,0.908194482,0,-0.908194482,-0.418548465,0,0,0,1],"scale":1,"type":"utah2_rock_flat_b"}
{"pos":[739.945984,-288.980988,137.050003],"rotationMatrix":[-0.857938945,0.513751626,6.00561507e-05,-0.502879262,-0.839758694,-0.204738304,-0.105134204,-0.175683156,0.978816748],"scale":1,"type":"utah2_rock_flat_b"}
{"pos":[722.942993,-476.757996,138.751999],"rotationMatrix":[0.505948305,0.862082779,-0.0288018696,-0.862509012,0.506010413,-0.00562788825,0.00972233992,0.027689293,0.999569297],"scale":1.50349998,"type":"utah2_rock_flat_b"}
{"pos":[721.947021,-477.21701,139.128998],"rotationMatrix":[-0.492741704,-0.8701756,0,0.8701756,-0.492741704,0,0,0,1],"scale":1.48389995,"type":"utah2_rock_flat_b"}
{"pos":[910.544983,-609.671997,188.231003],"rotationMatrix":[0.102251768,0.994758546,0,-0.994758546,0.102251768,0,0,0,1],"scale":8.08259964,"type":"utah2_rock_flat_b"}
{"pos":[897.184021,-551.588989,213.291],"rotationMatrix":[0.9722054,-0.225182757,-0.0641045049,0.22603941,0.97409749,0.00634554122,0.0610151291,-0.0206593126,0.997923017],"scale":1.6056,"type":"utah2_rock_flat_b"}
{"pos":[907.203003,-570.893982,202.427994],"rotationMatrix":[-0.892916679,0.450221956,0,-0.450221956,-0.892916679,0,0,0,1],"scale":3.5078001,"type":"utah2_rock_flat_b"}
{"pos":[909.125,-575.992981,202.897995],"rotationMatrix":[-0.827943504,0.56081152,0,-0.56081152,-0.827943504,0,0,0,1],"scale":1.48839998,"type":"utah2_rock_flat_b"}
{"pos":[691.911987,-557.065979,139.279999],"rotationMatrix":[0.59469533,0.803885937,-0.0102426168,0.796501815,-0.59086746,-0.128298461,-0.109189354,0.0681402311,-0.991682708],"scale":1,"type":"utah2_rock_flat_b"}
{"pos":[653.214722,-606.62915,141.821091],"rotationMatrix":[-0.732494056,-0.668256521,0.129944921,0.680427253,-0.724747419,0.1084437,0.0217090491,0.167852432,0.985573173],"scale":1,"type":"utah2_rock_flat_b"}
{"pos":[667.700989,-724.257996,139.912994],"rotationMatrix":[0.862267971,0.288102895,-0.416522115,-0.333476782,0.941959143,-0.038809929,0.381165564,0.17236501,0.908296824],"scale":1,"type":"utah2_rock_flat_b"}
{"pos":[500.917999,-703.494995,123.401001],"rotationMatrix":[0.797288418,-0.603598535,-9.18198566e-05,0.598653257,0.790775657,-0.127625063,0.077106908,0.101699017,0.991822481],"scale":1,"type":"utah2_rock_flat_b"}
{"pos":[697.453003,-768.460999,162.358002],"rotationMatrix":[-0.620336533,-0.784335732,0,0.784335732,-0.620336533,0,0,0,1],"scale":2.99329996,"type":"utah2_rock_flat_b"}
{"pos":[631.677979,-765.419006,145.475006],"rotationMatrix":[-0.612458169,-0.773344457,-0.163808838,0.753381968,-0.633783162,0.175312698,-0.239396393,-0.0160389189,0.970789433],"scale":1.72179997,"type":"utah2_rock_flat_b"}
{"pos":[642.442993,-754.893005,149.679001],"rotationMatrix":[-0.673824847,-0.684405327,-0.278477043,-0.556342781,0.717962265,-0.418345451,0.486253858,-0.12696287,-0.864544749],"scale":2.09170008,"type":"utah2_rock_flat_b"}
{"pos":[687.179993,-776.552979,163.046005],"rotationMatrix":[0.761572599,0.646975935,-0.0378063805,-0.64617455,0.762510419,0.0321917906,0.0496550724,-8.68665375e-05,0.998766422],"scale":2.00909996,"type":"utah2_rock_flat_b"}
{"pos":[599.744995,-766.273987,140.317001],"rotationMatrix":[-0.963802755,-0.255144536,-0.0773661435,0.261155039,-0.961871743,-0.0812452808,-0.0536870174,-0.0985089839,0.993686914],"scale":1.42620003,"type":"utah2_rock_flat_b"}
{"pos":[599.716003,-767.872009,140.682999],"rotationMatrix":[-0.97156167,-0.236786649,-2.20215006e-05,0.236468196,-0.970259786,0.0517565757,-0.0122766336,0.0502794981,0.99865973],"scale":1.36080003,"type":"utah2_rock_flat_b"}
{"pos":[428.341003,-107.240997,138.328003],"rotationMatrix":[-0.945422232,-0.325846463,-0.00094493333,0.325847834,-0.945418417,-0.00268576178,-1.82114054e-05,-0.00284708338,0.999995947],"scale":1,"type":"utah2_rock_flat_b"}
{"pos":[341.431,-115.753998,140.834],"rotationMatrix":[0.948437095,-0.299832553,0.10279844,0.316688925,0.909932137,-0.2678276,-0.0132361697,0.286572754,0.957967043],"scale":2.04209995,"type":"utah2_rock_flat_b"}
{"pos":[349.065002,-116.139999,141.136002],"rotationMatrix":[0.726563454,0.667316139,-0.16369082,-0.684295475,0.72426486,-0.0847355649,0.0620100908,0.17357865,0.98286581],"scale":1.90349996,"type":"utah2_rock_flat_b"}
{"pos":[353.47699,-211.785995,137.662003],"rotationMatrix":[-0.954180539,-0.299231499,-6.23573505e-05,0.27920872,-0.890407383,0.359467924,-0.107619651,0.342979878,0.933157444],"scale":2.11019993,"type":"utah2_rock_flat_b"}
{"pos":[315.554993,-352.419006,135.083191],"rotationMatrix":[-0.861696422,-0.507424176,5.53107056e-05,0.492408425,-0.836223364,-0.241380244,0.122528419,-0.207969263,0.970430613],"scale":3.93120003,"type":"utah2_rock_flat_b"}
{"pos":[329.780701,-347.638519,133.428345],"rotationMatrix":[0.998584867,0.0308511015,-0.0433182865,-0.0237645023,0.987549543,0.155502886,0.0475763902,-0.154253393,0.98688519],"scale":7.27990007,"type":"utah2_rock_flat_b"}
{"pos":[345.471008,-341.001007,135.085999],"rotationMatrix":[0.733896017,0.679261804,9.63231359e-05,-0.674218297,0.728429556,0.121737763,0.0826216489,-0.0894078016,0.992562294],"scale":1.98790002,"type":"utah2_rock_flat_b"}
{"pos":[203.110001,-54.6730995,170.264999],"rotationMatrix":[0.779604793,0.626271784,-1.52559815e-05,-0.622122824,0.774437189,-0.114935838,-0.0719692633,0.0896140188,0.993372917],"scale":1.19589996,"type":"utah2_rock_flat_b"}
{"pos":[97.0802002,-26.1973991,171.358994],"rotationMatrix":[-0.812273204,-0.581481934,0.045727428,0.578294873,-0.813081205,-0.066888079,0.0760743171,-0.027887458,0.996712089],"scale":1,"type":"utah2_rock_flat_b"}
{"pos":[92.7249985,-26.9302998,171.580994],"rotationMatrix":[0.992928863,0.108548872,-0.0480563939,-0.108672887,0.994077563,3.21594744e-05,0.0477752723,0.00519049494,0.998844624],"scale":1,"type":"utah2_rock_flat_b"}
{"pos":[70.0485992,-21.9069996,171.613007],"rotationMatrix":[0.36689508,0.929210901,-0.0442168787,-0.922872901,0.357590199,-0.14295049,-0.117019638,0.0932543948,0.988741636],"scale":1.74679995,"type":"utah2_rock_flat_b"}
{"pos":[214.199005,-290.756012,137.694],"rotationMatrix":[-0.859859467,0.510530829,0,-0.510530829,-0.859859467,0,0,0,1],"scale":1,"type":"utah2_rock_flat_b"}
{"pos":[208.231995,-292.937012,137.169998],"rotationMatrix":[0.342222214,0.939619064,-6.5605258e-05,-0.937701166,0.341519237,-0.0638836846,-0.0600039251,0.021923935,0.997957349],"scale":1,"type":"utah2_rock_flat_b"}
{"pos":[204.776001,-293.028015,136.315994],"rotationMatrix":[-0.68327266,0.727488518,-0.0624411106,-0.728510022,-0.684979737,-0.00871087704,-0.0491079576,0.0395370722,0.998010635],"scale":1.39989996,"type":"utah2_rock_flat_b"}
{"pos":[238.048004,-288.584015,136.886002],"rotationMatrix":[0.370326042,-0.928491592,-0.0276033375,0.924494326,0.365514755,0.108209185,-0.090381898,-0.0655918121,0.99374485],"scale":1.68630004,"type":"utah2_rock_flat_b"}
{"pos":[241.615005,-291.911011,136.373001],"rotationMatrix":[-0.695791662,0.718243659,0,-0.718243659,-0.695791662,0,0,0,1],"scale":2.05019999,"type":"utah2_rock_flat_b"}
{"pos":[12.6217003,-304.782013,140.860992],"rotationMatrix":[0.996863604,-0.0791388378,0,0.0791388378,0.996863604,0,0,0,1],"scale":1.5388,"type":"utah2_rock_flat_b"}
{"pos":[429.186005,-617.669006,120],"rotationMatrix":[0.985247731,-0.171134159,-8.63541791e-05,0.165698588,0.953827858,0.250512272,-0.0427888371,-0.24683094,0.968113422],"scale":1.59440005,"type":"utah2_rock_flat_b"}
{"pos":[495.796997,-700.502014,123.322998],"rotationMatrix":[-0.87639457,0.481593758,0,-0.481593758,-0.87639457,0,0,0,1],"scale":1.36629999,"type":"utah2_rock_flat_b"}
