{"pos":[-1.83500004,-77.4429016,157.266998],"rotationMatrix":[0.99840951,0.0563777536,0,-0.0563777536,0.99840951,0,0,0,1],"scale":0.800000012,"type":"utah2_boulder_4"}
{"pos":[-0.398099989,-77.6530991,156.891998],"rotationMatrix":[-0.807189286,0.590292692,0,-0.590292692,-0.807189286,0,0,0,1],"scale":0.800499976,"type":"utah2_boulder_4"}
{"pos":[-4.5250001,-97.6264038,150.313004],"rotationMatrix":[-0.978117049,0.208055377,0,-0.208055377,-0.978117049,0,0,0,1],"scale":0.978799999,"type":"utah2_boulder_4"}
{"pos":[-0.914300025,-97.4013977,149.899002],"rotationMatrix":[-0.962464154,0.271408826,0,-0.271408826,-0.962464154,0,0,0,1],"scale":0.888800025,"type":"utah2_boulder_4"}
{"pos":[-1.88479996,-100.210999,149.468994],"rotationMatrix":[0.830523968,-0.556982875,0,0.556982875,0.830523968,0,0,0,1],"scale":0.821200013,"type":"utah2_boulder_4"}
{"pos":[-0.111599997,-99.6688004,149.261002],"rotationMatrix":[0.0395884514,0.99921608,0,-0.99921608,0.0395884514,0,0,0,1],"scale":0.91170001,"type":"utah2_boulder_4"}
{"pos":[-3.68079996,-101.960999,148.507996],"rotationMatrix":[0.847864389,0.530213118,0,-0.530213118,0.847864389,0,0,0,1],"scale":0.926699996,"type":"utah2_boulder_4"}
{"pos":[-5.74790001,-102.880997,147.975006],"rotationMatrix":[-0.486968637,-0.873419464,0,0.873419464,-0.486968637,0,0,0,1],"scale":0.800199986,"type":"utah2_boulder_4"}
{"pos":[-5.49599981,-100.705002,149.274002],"rotationMatrix":[0.963493586,0.267731428,0,-0.267731428,0.963493586,0,0,0,1],"scale":0.828400016,"type":"utah2_boulder_4"}
{"pos":[-21.6114006,-119.931999,145.528],"rotationMatrix":[0.506409407,-0.862293184,0,0.862293184,0.506409407,0,0,0,1],"scale":0.800000012,"type":"utah2_boulder_4"}
{"pos":[-18.6800003,-117.128998,146.320007],"rotationMatrix":[0.948995352,0.315290064,0,-0.315290064,0.948995352,0,0,0,1],"scale":0.826799989,"type":"utah2_boulder_4"}
{"pos":[-18.9363995,-119.233002,145.723999],"rotationMatrix":[-0.977441132,0.211208031,0,-0.211208031,-0.977441132,0,0,0,1],"scale":0.820100009,"type":"utah2_boulder_4"}
{"pos":[-28.1578999,-95.5916977,151.167007],"rotationMatrix":[-0.990059257,0.140650868,0,-0.140650868,-0.990059257,0,0,0,1],"scale":0.802699983,"type":"utah2_boulder_4"}
{"pos":[-29.2616005,-100.139999,149.330002],"rotationMatrix":[-0.669816613,0.742526591,0,-0.742526591,-0.669816613,0,0,0,1],"scale":0.800000012,"type":"utah2_boulder_4"}
{"pos":[-51.875,-99.655098,150.826996],"rotationMatrix":[0.185438395,0.982655883,0,-0.982655883,0.185438395,0,0,0,1],"scale":0.800400019,"type":"utah2_boulder_4"}
{"pos":[-53.0988998,-96.1650009,151.565002],"rotationMatrix":[-0.9048599,-0.425709486,0,0.425709486,-0.9048599,0,0,0,1],"scale":0.806699991,"type":"utah2_boulder_4"}
{"pos":[-44.9627991,-106.745003,149.016998],"rotationMatrix":[-0.999959528,0.00899674743,0,-0.00899674743,-0.999959528,0,0,0,1],"scale":0.818599999,"type":"utah2_boulder_4"}
{"pos":[-44.8128014,-116.080002,146.188995],"rotationMatrix":[0.382822514,0.923821926,0,-0.923821926,0.382822514,0,0,0,1],"scale":0.821799994,"type":"utah2_boulder_4"}
{"pos":[-43.946701,-120.992996,144.425003],"rotationMatrix":[-0.986022115,0.166614488,0,-0.166614488,-0.986022115,0,0,0,1],"scale":0.800000012,"type":"utah2_boulder_4"}
{"pos":[-109.280998,-45.5327988,163.395004],"rotationMatrix":[-0.457706273,-0.889103472,0,0.889103472,-0.457706273,0,0,0,1],"scale":0.819400012,"type":"utah2_boulder_4"}
{"pos":[-107.877998,-49.4631004,162.046997],"rotationMatrix":[-0.793156445,0.609017968,0,-0.609017968,-0.793156445,0,0,0,1],"scale":0.813899994,"type":"utah2_boulder_4"}
{"pos":[-99.6041031,-52.532299,162.809006],"rotationMatrix":[-0.539601803,0.841920376,0,-0.841920376,-0.539601803,0,0,0,1],"scale":0.801500022,"type":"utah2_boulder_4"}
{"pos":[-99.7790985,-54.9118996,161.707001],"rotationMatrix":[-0.655198991,0.755456328,0,-0.755456328,-0.655198991,0,0,0,1],"scale":1.02090001,"type":"utah2_boulder_4"}
{"pos":[-74.658699,-92.2712021,151.884003],"rotationMatrix":[-0.337335229,-0.941384614,0,0.941384614,-0.337335229,0,0,0,1],"scale":0.801400006,"type":"utah2_boulder_4"}
{"pos":[-77.4150009,-91.7998962,151.723999],"rotationMatrix":[0.999697447,0.0245970488,0,-0.0245970488,0.999697447,0,0,0,1],"scale":0.806999981,"type":"utah2_boulder_4"}
{"pos":[-74.1000977,-93.2832031,151.076004],"rotationMatrix":[-0.0469397902,-0.998897731,0,0.998897731,-0.0469397902,0,0,0,1],"scale":0.801999986,"type":"utah2_boulder_4"}
{"pos":[-89.2583008,-92.9082031,151.089005],"rotationMatrix":[0.878280163,0.478146374,0,-0.478146374,0.878280163,0,0,0,1],"scale":0.80339998,"type":"utah2_boulder_4"}
{"pos":[-93.0296021,-74.2027969,157.212997],"rotationMatrix":[0.500601053,0.865678132,0,-0.865678132,0.500601053,0,0,0,1],"scale":0.903400004,"type":"utah2_boulder_4"}
{"pos":[-83.1119003,-77.3682022,157.811996],"rotationMatrix":[0.600000024,0.799999952,0,-0.799999952,0.600000024,0,0,0,1],"scale":0.805800021,"type":"utah2_boulder_4"}
{"pos":[-87.447403,-82.9000015,155.554993],"rotationMatrix":[0.422778845,0.906232893,0,-0.906232893,0.422778845,0,0,0,1],"scale":0.909600019,"type":"utah2_boulder_4"}
{"pos":[-86.401001,-82.3178024,155.917999],"rotationMatrix":[-0.164335787,-0.986404479,0,0.986404479,-0.164335787,0,0,0,1],"scale":0.846499979,"type":"utah2_boulder_4"}
{"pos":[-66.4013977,-106.834,148.259003],"rotationMatrix":[-0.604640961,-0.796498179,0,0.796498179,-0.604640961,0,0,0,1],"scale":0.916199982,"type":"utah2_boulder_4"}
{"pos":[-69.2449036,-107.574997,147.764008],"rotationMatrix":[-0.00735384226,0.999972939,0,-0.999972939,-0.00735384226,0,0,0,1],"scale":0.802200019,"type":"utah2_boulder_4"}
{"pos":[-67.5849991,-109.204002,147.408005],"rotationMatrix":[0.0241814852,-0.99970758,0,0.99970758,0.0241814852,0,0,0,1],"scale":0.800199986,"type":"utah2_boulder_4"}
{"pos":[-76.1248016,-96.8142014,149.886002],"rotationMatrix":[0.818933725,-0.573888123,0,0.573888123,0.818933725,0,0,0,1],"scale":0.819100022,"type":"utah2_boulder_4"}
{"pos":[-78.6743011,-96.9049988,149.408997],"rotationMatrix":[0.679335833,0.733827531,0,-0.733827531,0.679335833,0,0,0,1],"scale":0.800300002,"type":"utah2_boulder_4"}
{"pos":[-82.8927994,-95.8312988,149.865997],"rotationMatrix":[0.0654408932,0.997856438,0,-0.997856438,0.0654408932,0,0,0,1],"scale":0.800100029,"type":"utah2_boulder_4"}
{"pos":[-80.1085968,-94.7042007,150.518005],"rotationMatrix":[0.919276476,-0.393612444,0,0.393612444,0.919276476,0,0,0,1],"scale":0.870400012,"type":"utah2_boulder_4"}
{"pos":[-92.493103,-99.8565979,148.535004],"rotationMatrix":[-0.13067317,-0.991425514,0,0.991425514,-0.13067317,0,0,0,1],"scale":0.800000012,"type":"utah2_boulder_4"}
{"pos":[-90.4076996,-98.0295029,149.093002],"rotationMatrix":[-0.661329448,0.750095546,0,-0.750095546,-0.661329448,0,0,0,1],"scale":0.801199973,"type":"utah2_boulder_4"}
{"pos":[-114.651001,-67.493103,156.615005],"rotationMatrix":[-0.997755349,-0.0669646487,0,0.0669646487,-0.997755349,0,0,0,1],"scale":0.913500011,"type":"utah2_boulder_4"}
{"pos":[-112.628998,-70.0304031,156.188995],"rotationMatrix":[-0.626421273,0.779484689,0,-0.779484689,-0.626421273,0,0,0,1],"scale":0.803300023,"type":"utah2_boulder_4"}
{"pos":[-115.797997,-66.3973999,156.916],"rotationMatrix":[0.633991957,-0.773339629,0,0.773339629,0.633991957,0,0,0,1],"scale":0.801800013,"type":"utah2_boulder_4"}
{"pos":[-108.195,-95.8883972,150.697998],"rotationMatrix":[0.287402868,0.957809806,0,-0.957809806,0.287402868,0,0,0,1],"scale":0.909300029,"type":"utah2_boulder_4"}
{"pos":[-119.730003,-118.928001,147.022995],"rotationMatrix":[0.498967767,0.866620541,0,-0.866620541,0.498967767,0,0,0,1],"scale":0.961399972,"type":"utah2_boulder_4"}
{"pos":[-123.762001,-122.527,147.276993],"rotationMatrix":[0.623628855,0.781720579,0,-0.781720579,0.623628855,0,0,0,1],"scale":0.830299973,"type":"utah2_boulder_4"}
{"pos":[-119.672997,-123.941002,146.057007],"rotationMatrix":[-0.177758217,-0.984074175,0,0.984074175,-0.177758217,0,0,0,1],"scale":1.07019997,"type":"utah2_boulder_4"}
{"pos":[-16.9703007,-136.056,142.048004],"rotationMatrix":[-0.374403,0.927266061,0,-0.927266061,-0.374403,0,0,0,1],"scale":0.80250001,"type":"utah2_boulder_4"}
{"pos":[-15.6170998,-138.462997,141.686005],"rotationMatrix":[-0.624186933,-0.781275034,0,0.781275034,-0.624186933,0,0,0,1],"scale":0.840600014,"type":"utah2_boulder_4"}
{"pos":[-124.824997,-126.188004,147.449997],"rotationMatrix":[0.897670984,-0.440666318,0,0.440666318,0.897670984,0,0,0,1],"scale":0.801299989,"type":"utah2_boulder_4"}
{"pos":[-122.968002,-125.384003,147.235001],"rotationMatrix":[0.501373768,-0.865230799,0,0.865230799,0.501373768,0,0,0,1],"scale":0.800000012,"type":"utah2_boulder_4"}
{"pos":[-99.9529037,-127.362999,142.257004],"rotationMatrix":[0.26599288,-0.963975012,0,0.963975012,0.26599288,0,0,0,1],"scale":0.800700009,"type":"utah2_boulder_4"}
{"pos":[-6.64400005,-239.938004,138.082001],"rotationMatrix":[0.570337772,-0.821410239,0,0.821410239,0.570337772,0,0,0,1],"scale":0.807299972,"type":"utah2_boulder_4"}
{"pos":[-5.24100018,-236.360992,137.917007],"rotationMatrix":[-0.141633332,0.989919186,0,-0.989919186,-0.141633332,0,0,0,1],"scale":0.800199986,"type":"utah2_boulder_4"}
{"pos":[-144.834,-49.1083984,162.578003],"rotationMatrix":[-0.227732003,-0.973723829,0,0.973723829,-0.227732003,0,0,0,1],"scale":0.962499976,"type":"utah2_boulder_4"}
{"pos":[-150.421997,-91.4309006,159.988998],"rotationMatrix":[0.999968052,-0.0079934448,0,0.0079934448,0.999968052,0,0,0,1],"scale":0.867799997,"type":"utah2_boulder_4"}
{"pos":[-148.255005,-94.4527969,158.865997],"rotationMatrix":[0.196598887,-0.980484009,0,0.980484009,0.196598887,0,0,0,1],"scale":0.800000012,"type":"utah2_boulder_4"}
{"pos":[-158.108994,-81.5848999,163.529007],"rotationMatrix":[0.986780882,0.162060142,0,-0.162060142,0.986780882,0,0,0,1],"scale":0.800000012,"type":"utah2_boulder_4"}
{"pos":[-153.988998,-75.1837006,162.828003],"rotationMatrix":[0.974233627,0.225541219,0,-0.225541219,0.974233627,0,0,0,1],"scale":0.804400027,"type":"utah2_boulder_4"}
{"pos":[-153.287003,-65.0475998,162.942001],"rotationMatrix":[0.607344389,0.79443866,0,-0.79443866,0.607344389,0,0,0,1],"scale":1.04990005,"type":"utah2_boulder_4"}
{"pos":[-156.990997,-65.0870972,164.925003],"rotationMatrix":[0.771654844,-0.636041522,0,0.636041522,0.771654844,0,0,0,1],"scale":0.843599975,"type":"utah2_boulder_4"}
{"pos":[-126.644997,-122.625,148.024002],"rotationMatrix":[-0.271348774,0.962481081,0,-0.962481081,-0.271348774,0,0,0,1],"scale":0.800000012,"type":"utah2_boulder_4"}
{"pos":[-206.753006,-123.900002,160.751007],"rotationMatrix":[0.690947294,0.722905159,0,-0.722905159,0.690947294,0,0,0,1],"scale":1.05669999,"type":"utah2_boulder_4"}
{"pos":[-204.552994,-122.024002,160.470001],"rotationMatrix":[0.0463747978,0.998924136,0,-0.998924136,0.0463747978,0,0,0,1],"scale":0.942399979,"type":"utah2_boulder_4"}
{"pos":[-203.104996,-121.848,160.035995],"rotationMatrix":[0.666886091,0.745159686,0,-0.745159686,0.666886091,0,0,0,1],"scale":0.809499979,"type":"utah2_boulder_4"}
{"pos":[-190.953003,-110.128998,162.145004],"rotationMatrix":[-0.0342191458,0.999414325,0,-0.999414325,-0.0342191458,0,0,0,1],"scale":0.800000012,"type":"utah2_boulder_4"}
{"pos":[-192.432007,-121.863998,158.772995],"rotationMatrix":[-0.283147216,0.959076464,0,-0.959076464,-0.283147216,0,0,0,1],"scale":0.806100011,"type":"utah2_boulder_4"}
{"pos":[-125.568001,-127.480003,146.940994],"rotationMatrix":[0.353373051,0.935482502,0,-0.935482502,0.353373051,0,0,0,1],"scale":0.862200022,"type":"utah2_boulder_4"}
{"pos":[-169.134995,-168.718994,144.522003],"rotationMatrix":[0.966250181,0.257605493,0,-0.257605493,0.966250181,0,0,0,1],"scale":0.85769999,"type":"utah2_boulder_4"}
{"pos":[-167.335007,-127.287003,152.335999],"rotationMatrix":[0.768668652,0.639647186,0,-0.639647186,0.768668652,0,0,0,1],"scale":0.864799976,"type":"utah2_boulder_4"}
{"pos":[-226.938995,-149.983002,162.873001],"rotationMatrix":[0.483670473,0.875250161,0,-0.875250161,0.483670473,0,0,0,1],"scale":1.18990004,"type":"utah2_boulder_4"}
{"pos":[-211.057007,-142.270996,158.369995],"rotationMatrix":[-0.744381249,0.667754889,0,-0.667754889,-0.744381249,0,0,0,1],"scale":1.16270006,"type":"utah2_boulder_4"}
{"pos":[-207.722,-145.651993,157.274994],"rotationMatrix":[-0.87369436,0.486475259,0,-0.486475259,-0.87369436,0,0,0,1],"scale":1.03040004,"type":"utah2_boulder_4"}
{"pos":[-189.639999,-144.470001,152.677994],"rotationMatrix":[-0.806666732,-0.591006577,0,0.591006577,-0.806666732,0,0,0,1],"scale":0.987100005,"type":"utah2_boulder_4"}
{"pos":[-229.908997,-158.716995,163.360001],"rotationMatrix":[-0.9972471,0.074149996,0,-0.074149996,-0.9972471,0,0,0,1],"scale":0.850600004,"type":"utah2_boulder_4"}
{"pos":[-232.048004,-162.203003,162.651993],"rotationMatrix":[0.736593485,-0.676335752,0,0.676335752,0.736593485,0,0,0,1],"scale":0.800000012,"type":"utah2_boulder_4"}
{"pos":[-200.201996,-186.283997,149.582993],"rotationMatrix":[-0.574591994,-0.81844002,0,0.81844002,-0.574591994,0,0,0,1],"scale":0.800400019,"type":"utah2_boulder_4"}
{"pos":[-202.248001,-185.490005,150.453003],"rotationMatrix":[-0.938470006,-0.345360756,0,0.345360756,-0.938470006,0,0,0,1],"scale":0.804400027,"type":"utah2_boulder_4"}
{"pos":[-201.216003,-183.766006,150.546005],"rotationMatrix":[-0.136155248,-0.99068749,0,0.99068749,-0.136155248,0,0,0,1],"scale":0.803200006,"type":"utah2_boulder_4"}
{"pos":[-249.798996,-209.104996,151.089996],"rotationMatrix":[0.903823018,0.427906483,0,-0.427906483,0.903823018,0,0,0,1],"scale":1.16840005,"type":"utah2_boulder_4"}
{"pos":[-237.949997,-196.639008,155.845993],"rotationMatrix":[0.922381401,-0.386280417,0,0.386280417,0.922381401,0,0,0,1],"scale":0.815999985,"type":"utah2_boulder_4"}
{"pos":[-198.419998,-200.438004,144.776001],"rotationMatrix":[-0.475332797,-0.879806101,0,0.879806101,-0.475332797,0,0,0,1],"scale":1.04960001,"type":"utah2_boulder_4"}
{"pos":[-200.496002,-203.871002,145.235992],"rotationMatrix":[-0.435456157,-0.900209963,0,0.900209963,-0.435456157,0,0,0,1],"scale":0.800000012,"type":"utah2_boulder_4"}
{"pos":[-199.608002,-201.354004,145.001999],"rotationMatrix":[-0.955720007,-0.294277549,0,0.294277549,-0.955720007,0,0,0,1],"scale":0.800400019,"type":"utah2_boulder_4"}
{"pos":[-232.158005,-198.434006,154.434006],"rotationMatrix":[0.927568197,0.373653889,0,-0.373653889,0.927568197,0,0,0,1],"scale":0.800300002,"type":"utah2_boulder_4"}
{"pos":[-117.544998,-268.06601,136.774002],"rotationMatrix":[0.739074707,-0.673623443,0,0.673623443,0.739074707,0,0,0,1],"scale":0.808200002,"type":"utah2_boulder_4"}
{"pos":[-116.644997,-267.299011,136.679993],"rotationMatrix":[0.586174369,-0.810184896,0,0.810184896,0.586174369,0,0,0,1],"scale":0.871800005,"type":"utah2_boulder_4"}
{"pos":[-77.1108017,-280.737,136.658005],"rotationMatrix":[0.993248701,0.116004385,0,-0.116004385,0.993248701,0,0,0,1],"scale":0.800100029,"type":"utah2_boulder_4"}
{"pos":[-73.6529007,-280.230011,136.600998],"rotationMatrix":[0.0874533653,-0.996168613,0,0.996168613,0.0874533653,0,0,0,1],"scale":0.882000029,"type":"utah2_boulder_4"}
{"pos":[-0.551800013,-341.602997,137.595001],"rotationMatrix":[0.86558497,0.427793413,0.260298789,-0.409674555,0.903876543,-0.123182572,-0.287974685,-1.28123756e-05,0.957638025],"scale":1.44980001,"type":"utah2_boulder_4"}
{"pos":[-217.649002,-350.398987,134.399002],"rotationMatrix":[0.656685829,-0.754164279,0,0.754164279,0.656685829,0,0,0,1],"scale":0.8046,"type":"utah2_boulder_4"}
{"pos":[-199.113007,-351.23999,134.768997],"rotationMatrix":[0.992776155,-0.119981267,0,0.119981267,0.992776155,0,0,0,1],"scale":0.802999973,"type":"utah2_boulder_4"}
{"pos":[-141.820999,-332.453003,138.460999],"rotationMatrix":[-0.705386281,0.708823085,0,-0.708823085,-0.705386281,0,0,0,1],"scale":0.800000012,"type":"utah2_boulder_4"}
{"pos":[-167.274002,-329.253998,136.770996],"rotationMatrix":[-0.988839686,0.148983479,0,-0.148983479,-0.988839686,0,0,0,1],"scale":0.800199986,"type":"utah2_boulder_4"}
{"pos":[-350.903015,-87.9113007,173.580002],"rotationMatrix":[-0.278617382,-0.960402191,0,0.960402191,-0.278617382,0,0,0,1],"scale":1.78550005,"type":"utah2_boulder_4"}
{"pos":[-350.514008,-89.7465973,174.526001],"rotationMatrix":[-0.905909896,-0.423470497,0,0.423470497,-0.905909896,0,0,0,1],"scale":0.800000012,"type":"utah2_boulder_4"}
{"pos":[-372.045013,-40.9636002,189.679001],"rotationMatrix":[-0.759730995,-0.650237501,0,0.650237501,-0.759730995,0,0,0,1],"scale":1.58089995,"type":"utah2_boulder_4"}
{"pos":[-306.54599,-9.84290028,180.673004],"rotationMatrix":[-0.835041583,0.550186813,0,-0.550186813,-0.835041583,0,0,0,1],"scale":0.866400003,"type":"utah2_boulder_4"}
{"pos":[-303.46701,-7.66909981,180.283997],"rotationMatrix":[-0.983655512,-0.18006064,0,0.18006064,-0.983655512,0,0,0,1],"scale":0.94749999,"type":"utah2_boulder_4"}
{"pos":[-281.816986,-17.0277004,177.884995],"rotationMatrix":[-0.0206454992,0.999786854,0,-0.999786854,-0.0206454992,0,0,0,1],"scale":1.02320004,"type":"utah2_boulder_4"}
{"pos":[-284.82901,-15.2407999,178.031998],"rotationMatrix":[0.110558748,-0.993869603,0,0.993869603,0.110558748,0,0,0,1],"scale":0.932900012,"type":"utah2_boulder_4"}
{"pos":[-299.070007,-52.7290993,176.934998],"rotationMatrix":[-0.650522113,-0.759487331,0,0.759487331,-0.650522113,0,0,0,1],"scale":1.75890005,"type":"utah2_boulder_4"}
{"pos":[-296.166992,-54.1346016,176.845001],"rotationMatrix":[0.572027445,-0.820234478,0,0.820234478,0.572027445,0,0,0,1],"scale":1.93439996,"type":"utah2_boulder_4"}
{"pos":[-292.139008,-234.595001,145.923996],"rotationMatrix":[-0.583053589,0.81243372,0,-0.81243372,-0.583053589,0,0,0,1],"scale":0.822300017,"type":"utah2_boulder_4"}
{"pos":[-289.209015,-235.701004,145.367004],"rotationMatrix":[-0.999247253,-0.0387933962,0,0.0387933962,-0.999247253,0,0,0,1],"scale":0.800000012,"type":"utah2_boulder_4"}
{"pos":[-273.455994,-234.169998,145.272003],"rotationMatrix":[0.170773387,-0.985310316,0,0.985310316,0.170773387,0,0,0,1],"scale":0.820200026,"type":"utah2_boulder_4"}
{"pos":[-301.97699,-223.065994,150.037994],"rotationMatrix":[-0.94950211,-0.313760638,0,0.313760638,-0.94950211,0,0,0,1],"scale":0.802900016,"type":"utah2_boulder_4"}
{"pos":[-292.108002,-193.177002,161.468002],"rotationMatrix":[0.0727825165,-0.997347832,0,0.997347832,0.0727825165,0,0,0,1],"scale":0.812900007,"type":"utah2_boulder_4"}
{"pos":[-294.170013,-238.205002,144.772995],"rotationMatrix":[-0.260204494,0.965553522,0,-0.965553522,-0.260204494,0,0,0,1],"scale":0.816999972,"type":"utah2_boulder_4"}
{"pos":[-294.056,-240.466003,143.966995],"rotationMatrix":[-0.994015813,0.109236278,0,-0.109236278,-0.994015813,0,0,0,1],"scale":0.841300011,"type":"utah2_boulder_4"}
{"pos":[-280.167999,-235.132004,145.328995],"rotationMatrix":[0.514643312,-0.857404351,0,0.857404351,0.514643312,0,0,0,1],"scale":0.801900029,"type":"utah2_boulder_4"}
{"pos":[-282.718994,-235.705002,145.334],"rotationMatrix":[0.732990265,-0.680239141,0,0.680239141,0.732990265,0,0,0,1],"scale":0.800000012,"type":"utah2_boulder_4"}
{"pos":[-265.338989,-207.582993,151.408997],"rotationMatrix":[-0.0178178549,-0.999841273,0,0.999841273,-0.0178178549,0,0,0,1],"scale":0.945599973,"type":"utah2_boulder_4"}
{"pos":[-269.108002,-207.147995,151.712006],"rotationMatrix":[0.475483894,0.879724443,0,-0.879724443,0.475483894,0,0,0,1],"scale":0.800000012,"type":"utah2_boulder_4"}
{"pos":[-266.326996,-207.447998,151.707993],"rotationMatrix":[-0.816860318,0.576835513,0,-0.576835513,-0.816860318,0,0,0,1],"scale":0.800199986,"type":"utah2_boulder_4"}
{"pos":[-267.528015,-205.848007,152.345001],"rotationMatrix":[0.362644672,-0.931927502,0,0.931927502,0.362644672,0,0,0,1],"scale":0.800000012,"type":"utah2_boulder_4"}
{"pos":[-256.828003,-199.929993,156.205002],"rotationMatrix":[-0.35498178,0.934873223,0,-0.934873223,-0.35498178,0,0,0,1],"scale":0.808300018,"type":"utah2_boulder_4"}
{"pos":[-254.466995,-200.240997,155.960007],"rotationMatrix":[-0.794156373,-0.607713461,0,0.607713461,-0.794156373,0,0,0,1],"scale":1.14059997,"type":"utah2_boulder_4"}
{"pos":[-258.63501,-200.246002,156.434006],"rotationMatrix":[0.970332146,0.241775781,0,-0.241775781,0.970332146,0,0,0,1],"scale":0.800300002,"type":"utah2_boulder_4"}
{"pos":[-254.697998,-202.813995,154.753998],"rotationMatrix":[-0.868212461,0.496192634,0,-0.496192634,-0.868212461,0,0,0,1],"scale":0.801800013,"type":"utah2_boulder_4"}
{"pos":[-338.251007,-200.401993,160.970001],"rotationMatrix":[0.920323133,-0.391158968,0,0.391158968,0.920323133,0,0,0,1],"scale":0.800100029,"type":"utah2_boulder_4"}
{"pos":[-359.770996,-209.703003,158.151001],"rotationMatrix":[0.921439409,0.388522089,0,-0.388522089,0.921439409,0,0,0,1],"scale":1.64139998,"type":"utah2_boulder_4"}
{"pos":[-319.459015,-203.576996,157.897995],"rotationMatrix":[-0.978574216,-0.205894396,0,0.205894396,-0.978574216,0,0,0,1],"scale":0.800000012,"type":"utah2_boulder_4"}
{"pos":[-495.169006,-207.753998,172.154999],"rotationMatrix":[-0.982101142,-0.188354313,0,0.188354313,-0.982101142,0,0,0,1],"scale":0.800000012,"type":"utah2_boulder_4"}
{"pos":[-470.233002,-243.587997,165.796005],"rotationMatrix":[0.949687839,0.31319803,0,-0.31319803,0.949687839,0,0,0,1],"scale":2.29329991,"type":"utah2_boulder_4"}
{"pos":[-469.82901,-218.087006,167.270996],"rotationMatrix":[0.22482276,-0.0126478197,0.97431761,0.0561980195,0.998419642,-6.94045184e-06,-0.972777724,0.05475628,0.225178242],"scale":1.77639997,"type":"utah2_boulder_4"}
{"pos":[-426.256012,-220.108994,162.391006],"rotationMatrix":[0.784291148,0.620392919,0,-0.620392919,0.784291148,0,0,0,1],"scale":1.00109994,"type":"utah2_boulder_4"}
{"pos":[-428.859009,-218.602997,162.339005],"rotationMatrix":[0.629205465,-0.777239025,0,0.777239025,0.629205465,0,0,0,1],"scale":1.72210002,"type":"utah2_boulder_4"}
{"pos":[-425.626007,-218.363007,162.156006],"rotationMatrix":[-0.794041276,-0.607863843,0,0.607863843,-0.794041276,0,0,0,1],"scale":1.54349995,"type":"utah2_boulder_4"}
{"pos":[-459.417999,-152.451996,197.401993],"rotationMatrix":[-0.532040834,-0.846718669,0,0.846718669,-0.532040834,0,0,0,1],"scale":0.800000012,"type":"utah2_boulder_4"}
{"pos":[-463.054993,-152.126999,195.031998],"rotationMatrix":[0.525280237,-0.85092932,0,0.85092932,0.525280237,0,0,0,1],"scale":4.56559992,"type":"utah2_boulder_4"}
{"pos":[-448.338989,-151.649002,191.692001],"rotationMatrix":[0.976236105,0.216709644,0,-0.216709644,0.976236105,0,0,0,1],"scale":2.21370006,"type":"utah2_boulder_4"}
{"pos":[-435.786011,-170.218002,179.214996],"rotationMatrix":[-0.457706273,0.889103472,0,-0.889103472,-0.457706273,0,0,0,1],"scale":2.94749999,"type":"utah2_boulder_4"}
{"pos":[-397.285004,-149.309998,177.533005],"rotationMatrix":[0.18669641,-0.982417643,0,0.982417643,0.18669641,0,0,0,1],"scale":2.7191,"type":"utah2_boulder_4"}
{"pos":[-394.554993,-159.677002,174.507996],"rotationMatrix":[-0.108593762,0.994086206,0,-0.994086206,-0.108593762,0,0,0,1],"scale":0.87470001,"type":"utah2_boulder_4"}
{"pos":[-393.048004,-154.746002,175.479004],"rotationMatrix":[-0.778886139,-0.627165377,0,0.627165377,-0.778886139,0,0,0,1],"scale":0.800899982,"type":"utah2_boulder_4"}
{"pos":[-384.565002,-144.154007,178.748993],"rotationMatrix":[-0.941376925,-0.337356627,0,0.337356627,-0.941376925,0,0,0,1],"scale":0.932500005,"type":"utah2_boulder_4"}
{"pos":[-383.799988,-144.117004,178.764999],"rotationMatrix":[0.901085138,0.433642209,0,-0.433642209,0.901085138,0,0,0,1],"scale":0.941699982,"type":"utah2_boulder_4"}
{"pos":[-382.602997,-144.074997,179.048004],"rotationMatrix":[0.251386642,0.967886746,0,-0.967886746,0.251386642,0,0,0,1],"scale":0.802699983,"type":"utah2_boulder_4"}
{"pos":[-380.639008,-145.014008,178.494995],"rotationMatrix":[-0.410368681,0.911919713,0,-0.911919713,-0.410368681,0,0,0,1],"scale":0.800300002,"type":"utah2_boulder_4"}
{"pos":[-381.084015,-144.485992,178.608994],"rotationMatrix":[0.947249889,0.320495933,0,-0.320495933,0.947249889,0,0,0,1],"scale":1.04970002,"type":"utah2_boulder_4"}
{"pos":[-292.565002,-309.390015,139.509003],"rotationMatrix":[-0.406166971,0.913798869,0,-0.913798869,-0.406166971,0,0,0,1],"scale":0.800000012,"type":"utah2_boulder_4"}
{"pos":[-293.207001,-294.066986,140.087006],"rotationMatrix":[0.175388813,-0.984499216,0,0.984499216,0.175388813,0,0,0,1],"scale":0.826099992,"type":"utah2_boulder_4"}
{"pos":[-294.817993,-292.496002,140.057999],"rotationMatrix":[-0.820600808,-0.571501791,0,0.571501791,-0.820600808,0,0,0,1],"scale":0.824000001,"type":"utah2_boulder_4"}
{"pos":[-295.562012,-293.873993,140.294998],"rotationMatrix":[0.952380776,0.304911226,0,-0.304911226,0.952380776,0,0,0,1],"scale":0.806800008,"type":"utah2_boulder_4"}
{"pos":[-292.643005,-293.450012,139.688004],"rotationMatrix":[0.228158116,0.97362411,0,-0.97362411,0.228158116,0,0,0,1],"scale":0.870800018,"type":"utah2_boulder_4"}
{"pos":[-310.095001,-267.458008,141.959],"rotationMatrix":[0.802686214,0.596401572,0,-0.596401572,0.802686214,0,0,0,1],"scale":0.856000006,"type":"utah2_boulder_4"}
{"pos":[-311.52301,-269.570007,142.029007],"rotationMatrix":[0.999640942,-0.0267952941,0,0.0267952941,0.999640942,0,0,0,1],"scale":0.800100029,"type":"utah2_boulder_4"}
{"pos":[-252.576996,-306.548004,135.647003],"rotationMatrix":[-0.971437573,0.237295255,0,-0.237295255,-0.971437573,0,0,0,1],"scale":0.800499976,"type":"utah2_boulder_4"}
{"pos":[-251.845993,-306.602997,135.550003],"rotationMatrix":[-0.22675854,0.973950982,0,-0.973950982,-0.22675854,0,0,0,1],"scale":0.800000012,"type":"utah2_boulder_4"}
{"pos":[-310.056,-312.876007,143.281006],"rotationMatrix":[-0.344482422,0.938792765,0,-0.938792765,-0.344482422,0,0,0,1],"scale":0.800000012,"type":"utah2_boulder_4"}
{"pos":[-291.817993,-326.416992,136.968994],"rotationMatrix":[0.998969316,-0.0453905798,0,0.0453905798,0.998969316,0,0,0,1],"scale":1.0733,"type":"utah2_boulder_4"}
{"pos":[-299.118988,-323.380005,138.686996],"rotationMatrix":[-0.884715557,0.4661313,0,-0.4661313,-0.884715557,0,0,0,1],"scale":0.8028,"type":"utah2_boulder_4"}
{"pos":[-310.533997,-321.005005,142.104004],"rotationMatrix":[0.999005556,-0.0445858613,0,0.0445858613,0.999005556,0,0,0,1],"scale":0.8028,"type":"utah2_boulder_4"}
{"pos":[-323.299988,-308.394989,148.287003],"rotationMatrix":[-0.554579914,0.832130492,0,-0.832130492,-0.554579914,0,0,0,1],"scale":0.895900011,"type":"utah2_boulder_4"}
{"pos":[-324.052002,-311.018005,148.128998],"rotationMatrix":[0.67952919,0.733648479,0,-0.733648479,0.67952919,0,0,0,1],"scale":0.804799974,"type":"utah2_boulder_4"}
{"pos":[-334.079987,-308.15799,150.393005],"rotationMatrix":[-0.380156159,0.924922347,0,-0.924922347,-0.380156159,0,0,0,1],"scale":0.854700029,"type":"utah2_boulder_4"}
{"pos":[-353.528015,-300.380005,157.972],"rotationMatrix":[0.309240937,0.950983703,0,-0.950983703,0.309240937,0,0,0,1],"scale":1.09990001,"type":"utah2_boulder_4"}
{"pos":[-332.747009,-371.85199,135.753006],"rotationMatrix":[0.342712879,-0.939440191,0,0.939440191,0.342712879,0,0,0,1],"scale":0.82190001,"type":"utah2_boulder_4"}
{"pos":[-358.21701,-320.907013,157.572006],"rotationMatrix":[0.886988878,0.4617908,0,-0.4617908,0.886988878,0,0,0,1],"scale":1.08640003,"type":"utah2_boulder_4"}
{"pos":[-356.609985,-317.333008,157.186005],"rotationMatrix":[-0.70937711,0.704829156,0,-0.704829156,-0.70937711,0,0,0,1],"scale":0.850199997,"type":"utah2_boulder_4"}
{"pos":[-358.553986,-358.621002,147.923996],"rotationMatrix":[0.991366386,-0.13112089,0,0.13112089,0.991366386,0,0,0,1],"scale":0.814599991,"type":"utah2_boulder_4"}
{"pos":[-357.223999,-359.217987,147.117004],"rotationMatrix":[0.927802324,0.373072177,0,-0.373072177,0.927802324,0,0,0,1],"scale":0.824800014,"type":"utah2_boulder_4"}
{"pos":[-333.035004,-318.865997,148.630997],"rotationMatrix":[0.600715399,-0.799462974,0,0.799462974,0.600715399,0,0,0,1],"scale":0.817700028,"type":"utah2_boulder_4"}
{"pos":[-327.276001,-329.434998,144.970993],"rotationMatrix":[0.303796411,-0.952736974,0,0.952736974,0.303796411,0,0,0,1],"scale":0.800000012,"type":"utah2_boulder_4"}
{"pos":[-331.079987,-328.990997,146.227997],"rotationMatrix":[0.988508224,0.151167095,0,-0.151167095,0.988508224,0,0,0,1],"scale":0.800400019,"type":"utah2_boulder_4"}
{"pos":[-328.983002,-375.059998,135.261002],"rotationMatrix":[0.998090267,0.061772313,0,-0.061772313,0.998090267,0,0,0,1],"scale":0.819700003,"type":"utah2_boulder_4"}
{"pos":[-369.618988,-482.944,131.449005],"rotationMatrix":[0.303109884,-0.952955604,0,0.952955604,0.303109884,0,0,0,1],"scale":0.83920002,"type":"utah2_boulder_4"}
{"pos":[-350.743988,-484.738007,131.380005],"rotationMatrix":[-0.880818784,0.473453552,0,-0.473453552,-0.880818784,0,0,0,1],"scale":0.823899984,"type":"utah2_boulder_4"}
{"pos":[-325.587006,-441.415985,133.203995],"rotationMatrix":[-0.0801200867,0.996785223,0,-0.996785223,-0.0801200867,0,0,0,1],"scale":0.855199993,"type":"utah2_boulder_4"}
{"pos":[-324.765991,-443.342987,133.192001],"rotationMatrix":[0.898033977,-0.439926118,0,0.439926118,0.898033977,0,0,0,1],"scale":0.802699983,"type":"utah2_boulder_4"}
{"pos":[-337.664001,-427.093994,132.649994],"rotationMatrix":[0.377229691,0.926119745,0,-0.926119745,0.377229691,0,0,0,1],"scale":1.01040006,"type":"utah2_boulder_4"}
{"pos":[-365.542999,-469.609009,131.651993],"rotationMatrix":[0.701372862,-0.712794602,0,0.712794602,0.701372862,0,0,0,1],"scale":0.801699996,"type":"utah2_boulder_4"}
{"pos":[-366.993988,-468.178986,131.645996],"rotationMatrix":[-0.268730164,0.96321547,0,-0.96321547,-0.268730164,0,0,0,1],"scale":0.832599998,"type":"utah2_boulder_4"}
{"pos":[-364.868011,-468.753998,131.705002],"rotationMatrix":[0.118445396,0.992960572,0,-0.992960572,0.118445396,0,0,0,1],"scale":0.800000012,"type":"utah2_boulder_4"}
{"pos":[-371.173004,-402.187012,135.270004],"rotationMatrix":[0.829005718,-0.559240103,0,0.559240103,0.829005718,0,0,0,1],"scale":0.800000012,"type":"utah2_boulder_4"}
{"pos":[-352.128998,-390.450989,134.539993],"rotationMatrix":[-0.939375043,0.342891425,0,-0.342891425,-0.939375043,0,0,0,1],"scale":0.801199973,"type":"utah2_boulder_4"}
{"pos":[-350.609009,-386.618011,134.945999],"rotationMatrix":[0.990913987,-0.134497106,0,0.134497106,0.990913987,0,0,0,1],"scale":0.806800008,"type":"utah2_boulder_4"}
{"pos":[-290.292999,-429.438995,133.363998],"rotationMatrix":[0.506409407,-0.862293184,0,0.862293184,0.506409407,0,0,0,1],"scale":0.960200012,"type":"utah2_boulder_4"}
{"pos":[-294.045013,-429.989014,133.242004],"rotationMatrix":[0.975444555,0.220245138,0,-0.220245138,0.975444555,0,0,0,1],"scale":1.19570005,"type":"utah2_boulder_4"}
{"pos":[-422.945007,-295.493011,168.899002],"rotationMatrix":[0.652217865,-0.758031547,0,0.758031547,0.652217865,0,0,0,1],"scale":0.800000012,"type":"utah2_boulder_4"}
{"pos":[-419.806,-297.200012,169.035995],"rotationMatrix":[-0.66018641,0.751101792,0,-0.751101792,-0.66018641,0,0,0,1],"scale":0.800000012,"type":"utah2_boulder_4"}
{"pos":[-419.338013,-308.979004,168.813004],"rotationMatrix":[0.980079651,-0.198604822,0,0.198604822,0.980079651,0,0,0,1],"scale":0.99119997,"type":"utah2_boulder_4"}
{"pos":[-435.144012,-308.822998,169.097],"rotationMatrix":[0.897756815,-0.440491438,0,0.440491438,0.897756815,0,0,0,1],"scale":1.12,"type":"utah2_boulder_4"}
{"pos":[-417.886993,-311.156006,168.669998],"rotationMatrix":[-0.98187542,0.189527467,0,-0.189527467,-0.98187542,0,0,0,1],"scale":0.993799984,"type":"utah2_boulder_4"}
{"pos":[-420.063995,-306.032013,168.789001],"rotationMatrix":[-0.898843527,0.438269675,0,-0.438269675,-0.898843527,0,0,0,1],"scale":0.800000012,"type":"utah2_boulder_4"}
{"pos":[-419.98999,-291.592987,168.794998],"rotationMatrix":[0.324346304,0.945938408,0,-0.945938408,0.324346304,0,0,0,1],"scale":0.972899973,"type":"utah2_boulder_4"}
{"pos":[-424.872986,-315.778015,168.755997],"rotationMatrix":[-0.125336409,0.992114305,0,-0.992114305,-0.125336409,0,0,0,1],"scale":1.06799996,"type":"utah2_boulder_4"}
{"pos":[-426.738007,-315.407013,168.787003],"rotationMatrix":[-0.98468858,-0.174322695,0,0.174322695,-0.98468858,0,0,0,1],"scale":0.808099985,"type":"utah2_boulder_4"}
{"pos":[-438.983002,-363.615997,149.809998],"rotationMatrix":[-0.951332152,0.308167398,0,-0.308167398,-0.951332152,0,0,0,1],"scale":0.809700012,"type":"utah2_boulder_4"}
{"pos":[-448.170013,-370.914001,147.932999],"rotationMatrix":[0.321353674,0.946959257,0,-0.946959257,0.321353674,0,0,0,1],"scale":0.800000012,"type":"utah2_boulder_4"}
{"pos":[-451.606995,-349.619995,158.496994],"rotationMatrix":[-0.999183953,0.040390946,0,-0.040390946,-0.999183953,0,0,0,1],"scale":0.907299995,"type":"utah2_boulder_4"}
{"pos":[-452.097992,-352.054993,157.304993],"rotationMatrix":[-0.768952727,0.639305651,0,-0.639305651,-0.768952727,0,0,0,1],"scale":0.802100003,"type":"utah2_boulder_4"}
{"pos":[-472.317993,-359.15799,159.266006],"rotationMatrix":[0.965207338,-0.261485755,0,0.261485755,0.965207338,0,0,0,1],"scale":0.898599982,"type":"utah2_boulder_4"}
{"pos":[-494.071991,-374.197998,155.516998],"rotationMatrix":[0.777694941,0.628641844,0,-0.628641844,0.777694941,0,0,0,1],"scale":0.80309999,"type":"utah2_boulder_4"}
{"pos":[-494.114014,-343.402008,168.813004],"rotationMatrix":[-0.830065012,-0.557666659,0,0.557666659,-0.830065012,0,0,0,1],"scale":0.926900029,"type":"utah2_boulder_4"}
{"pos":[-426.765015,-395.397003,138.475998],"rotationMatrix":[0.549655437,-0.835391462,0,0.835391462,0.549655437,0,0,0,1],"scale":1.00929999,"type":"utah2_boulder_4"}
{"pos":[-416.03299,-390.140991,139.761002],"rotationMatrix":[-0.992287636,-0.123956636,0,0.123956636,-0.992287636,0,0,0,1],"scale":0.800199986,"type":"utah2_boulder_4"}
{"pos":[-412.440002,-393.209015,139.106995],"rotationMatrix":[-0.3721385,-0.928177238,0,0.928177238,-0.3721385,0,0,0,1],"scale":0.805299997,"type":"utah2_boulder_4"}
{"pos":[-411.984985,-391.657013,139.781006],"rotationMatrix":[0.312930465,0.949776053,0,-0.949776053,0.312930465,0,0,0,1],"scale":1.06700003,"type":"utah2_boulder_4"}
{"pos":[-378.677002,-431.299011,132.395996],"rotationMatrix":[0.309926033,0.950760663,0,-0.950760663,0.309926033,0,0,0,1],"scale":0.800000012,"type":"utah2_boulder_4"}
{"pos":[-399.807007,-405.417999,135.356003],"rotationMatrix":[-0.119006157,0.992893517,0,-0.992893517,-0.119006157,0,0,0,1],"scale":0.901000023,"type":"utah2_boulder_4"}
{"pos":[-396.015991,-397.848999,138.559006],"rotationMatrix":[0.816020012,0.578023672,0,-0.578023672,0.816020012,0,0,0,1],"scale":0.800000012,"type":"utah2_boulder_4"}
{"pos":[-397.23999,-396.694,138.878998],"rotationMatrix":[0.921515584,-0.388341367,0,0.388341367,0.921515584,0,0,0,1],"scale":0.800700009,"type":"utah2_boulder_4"}
{"pos":[-397.321991,-397.402008,138.623993],"rotationMatrix":[-0.204126596,0.97894448,0,-0.97894448,-0.204126596,0,0,0,1],"scale":0.800000012,"type":"utah2_boulder_4"}
{"pos":[-384.197998,-402.069,136.528],"rotationMatrix":[-0.151161671,-0.988509059,0,0.988509059,-0.151161671,0,0,0,1],"scale":0.832499981,"type":"utah2_boulder_4"}
{"pos":[-381.705994,-402.057007,136.539001],"rotationMatrix":[-0.485081077,0.874469161,0,-0.874469161,-0.485081077,0,0,0,1],"scale":1.19270003,"type":"utah2_boulder_4"}
{"pos":[-383.563995,-404.266998,136.147995],"rotationMatrix":[-0.353633344,-0.935384095,0,0.935384095,-0.353633344,0,0,0,1],"scale":0.800199986,"type":"utah2_boulder_4"}
{"pos":[-384.080994,-403.96701,136.341995],"rotationMatrix":[-0.527642012,0.84946686,0,-0.84946686,-0.527642012,0,0,0,1],"scale":0.802699983,"type":"utah2_boulder_4"}
{"pos":[-395.959991,-383.674011,143.539001],"rotationMatrix":[-0.617033362,-0.786936998,0,0.786936998,-0.617033362,0,0,0,1],"scale":0.806999981,"type":"utah2_boulder_4"}
{"pos":[-394.931,-380.800995,144.862],"rotationMatrix":[-0.846755385,0.531982422,0,-0.531982422,-0.846755385,0,0,0,1],"scale":0.801800013,"type":"utah2_boulder_4"}
{"pos":[-467.531006,-411.158997,139.410004],"rotationMatrix":[-0.73864907,-0.674090147,0,0.674090147,-0.73864907,0,0,0,1],"scale":0.813300014,"type":"utah2_boulder_4"}
{"pos":[-448.317993,-375.421997,146.828995],"rotationMatrix":[-0.51664108,0.856202066,0,-0.856202066,-0.51664108,0,0,0,1],"scale":1.12810004,"type":"utah2_boulder_4"}
{"pos":[-483.941986,-392.32901,147.576996],"rotationMatrix":[0.958642483,-0.284613043,0,0.284613043,0.958642483,0,0,0,1],"scale":0.899800003,"type":"utah2_boulder_4"}
{"pos":[-484.424011,-393.981995,147.481995],"rotationMatrix":[-0.953059971,-0.302781582,0,0.302781582,-0.953059971,0,0,0,1],"scale":0.805999994,"type":"utah2_boulder_4"}
{"pos":[-487.696014,-395.924011,147.516006],"rotationMatrix":[-0.504397333,-0.863471687,0,0.863471687,-0.504397333,0,0,0,1],"scale":0.826099992,"type":"utah2_boulder_4"}
{"pos":[-485.641998,-396.054993,146.929993],"rotationMatrix":[0.973182201,0.230035663,0,-0.230035663,0.973182201,0,0,0,1],"scale":0.800000012,"type":"utah2_boulder_4"}
{"pos":[-491.423004,-467.322998,145.113998],"rotationMatrix":[0.300783157,0.953692555,0,-0.953692555,0.300783157,0,0,0,1],"scale":0.859799981,"type":"utah2_boulder_4"}
{"pos":[-445.006012,-490.130005,134.042999],"rotationMatrix":[0.516874313,-0.85606128,0,0.85606128,0.516874313,0,0,0,1],"scale":0.800100029,"type":"utah2_boulder_4"}
{"pos":[-462.045013,-473.235992,135.964005],"rotationMatrix":[0.625864625,0.779931724,0,-0.779931724,0.625864625,0,0,0,1],"scale":0.800000012,"type":"utah2_boulder_4"}
{"pos":[-462.424988,-473.662994,136.244003],"rotationMatrix":[-0.982776821,0.184796438,0,-0.184796438,-0.982776821,0,0,0,1],"scale":0.836799979,"type":"utah2_boulder_4"}
{"pos":[-472.821014,-460.075989,137.080994],"rotationMatrix":[0.986154556,0.165828794,0,-0.165828794,0.986154556,0,0,0,1],"scale":0.800000012,"type":"utah2_boulder_4"}
{"pos":[-469.388,-460.075989,136.014008],"rotationMatrix":[-0.84005481,0.542501509,0,-0.542501509,-0.84005481,0,0,0,1],"scale":0.800000012,"type":"utah2_boulder_4"}
{"pos":[-69.1951981,-529.862,132.847],"rotationMatrix":[0.859984875,0.510319531,0,-0.510319531,0.859984875,0,0,0,1],"scale":0.853200018,"type":"utah2_boulder_4"}
{"pos":[-71.1248016,-529.828979,132.811996],"rotationMatrix":[0.841527224,-0.540214717,0,0.540214717,0.841527224,0,0,0,1],"scale":0.908800006,"type":"utah2_boulder_4"}
{"pos":[-56.3995018,-533.247986,133.587006],"rotationMatrix":[0.926804066,-0.375545233,0,0.375545233,0.926804066,0,0,0,1],"scale":0.847899973,"type":"utah2_boulder_4"}
{"pos":[-57.1202011,-531.268982,133.438004],"rotationMatrix":[-0.82430619,-0.566144228,0,0.566144228,-0.82430619,0,0,0,1],"scale":0.801999986,"type":"utah2_boulder_4"}
{"pos":[-14.5993004,-563.070984,139.522003],"rotationMatrix":[0.945817947,0.324697405,0,-0.324697405,0.945817947,0,0,0,1],"scale":1.05620003,"type":"utah2_boulder_4"}
{"pos":[-23.0037994,-602.825012,137.395004],"rotationMatrix":[0.124067187,0.992273808,0,-0.992273808,0.124067187,0,0,0,1],"scale":0.800000012,"type":"utah2_boulder_4"}
{"pos":[-19.8255997,-599.112,137.960999],"rotationMatrix":[-0.525280297,0.85092926,0,-0.85092926,-0.525280297,0,0,0,1],"scale":0.800000012,"type":"utah2_boulder_4"}
{"pos":[-24.6404991,-610.929993,139.003006],"rotationMatrix":[0.934327126,-0.356416643,0,0.356416643,0.934327126,0,0,0,1],"scale":0.889599979,"type":"utah2_boulder_4"}
{"pos":[-22.5818005,-611.096985,139.050003],"rotationMatrix":[0.308289886,-0.951292455,0,0.951292455,0.308289886,0,0,0,1],"scale":0.800000012,"type":"utah2_boulder_4"}
{"pos":[-23.6727009,-610.312012,138.839996],"rotationMatrix":[0.992459893,-0.122569822,0,0.122569822,0.992459893,0,0,0,1],"scale":0.800599992,"type":"utah2_boulder_4"}
{"pos":[-70.8560028,-624.385986,133.057007],"rotationMatrix":[-0.658506453,0.752575099,0,-0.752575099,-0.658506453,0,0,0,1],"scale":1.17659998,"type":"utah2_boulder_4"}
{"pos":[-71.6205978,-621.77301,133.593002],"rotationMatrix":[0.0981693268,0.995169699,0,-0.995169699,0.0981693268,0,0,0,1],"scale":1.02699995,"type":"utah2_boulder_4"}
{"pos":[-74.3872986,-622.05603,133.473007],"rotationMatrix":[-0.984546304,-0.175124452,0,0.175124452,-0.984546304,0,0,0,1],"scale":1.03540003,"type":"utah2_boulder_4"}
{"pos":[-71.4085999,-622.521973,133.626007],"rotationMatrix":[0.634683132,-0.772772491,0,0.772772491,0.634683132,0,0,0,1],"scale":0.801199973,"type":"utah2_boulder_4"}
