{"pos":[-101.448997,-243.154007,138.429001],"rotationMatrix":[0.492801309,0.632387757,-0.59768939,-0.788781941,0.614673138,-1.66214045e-06,0.367382556,0.471447378,0.801727772],"scale":1,"type":"utah2_rock_flat_a"}
{"pos":[-249.570999,-168.613998,171.048004],"rotationMatrix":[0.00512671471,-0.999979436,0.00385287078,0.987666667,0.0044605732,-0.156507656,0.156487256,0.00460772216,0.98766923],"scale":1.25109994,"type":"utah2_rock_flat_a"}
{"pos":[-248.300995,-168.473007,170.378006],"rotationMatrix":[-0.480214238,0.877151251,0,-0.877151251,-0.480214238,0,0,0,1],"scale":1.18570006,"type":"utah2_rock_flat_a"}
{"pos":[-243.386993,-166.042007,167.212006],"rotationMatrix":[0.409932017,0.900019765,-0.148054779,-0.899156988,0.42601335,0.100146644,0.153207272,0.0920711681,0.98389554],"scale":1,"type":"utah2_rock_flat_a"}
{"pos":[-247.882996,-168.098999,170.113007],"rotationMatrix":[-0.234933734,0.972011387,0,-0.972011387,-0.234933734,0,0,0,1],"scale":1,"type":"utah2_rock_flat_a"}
{"pos":[-250.675003,-168.533997,171.654999],"rotationMatrix":[0.390393615,-0.920648038,0,0.920648038,0.390393615,0,0,0,1],"scale":1,"type":"utah2_rock_flat_a"}
{"pos":[-490.919006,-242.628998,169.156998],"rotationMatrix":[-0.693921924,0.720050275,0,-0.720050275,-0.693921924,0,0,0,1],"scale":1.1602,"type":"utah2_rock_flat_a"}
{"pos":[-488.556,-241.768005,167.927002],"rotationMatrix":[0.883446217,-0.468532592,0,0.468532592,0.883446217,0,0,0,1],"scale":1.35609996,"type":"utah2_rock_flat_a"}
{"pos":[-476.622986,-228.602005,164.897003],"rotationMatrix":[0.438602448,-0.898681223,0,0.898681223,0.438602448,0,0,0,1],"scale":1,"type":"utah2_rock_flat_a"}
{"pos":[-479.59201,-225.742996,165.580002],"rotationMatrix":[0.12012732,0.992758512,0,-0.992758512,0.12012732,0,0,0,1],"scale":1,"type":"utah2_rock_flat_a"}
{"pos":[-469.263,-222.097,165.483002],"rotationMatrix":[-0.966287732,0.214045554,-0.143082201,-0.216270164,-0.976333559,-4.61539321e-06,-0.139696941,0.0309399515,0.989710808],"scale":1.60609996,"type":"utah2_rock_flat_a"}
{"pos":[-326.059998,-467.36499,132.856003],"rotationMatrix":[0.622579575,-0.782556474,0,0.782556474,0.622579575,0,0,0,1],"scale":1,"type":"utah2_rock_flat_a"}
{"pos":[-118.314003,-734.054993,111.666],"rotationMatrix":[0.867174983,-0.498003572,0,0.498003572,0.867174983,0,0,0,1],"scale":1.62699997,"type":"utah2_rock_flat_a"}
{"pos":[-121.931,-716.359009,111.425003],"rotationMatrix":[0.911327422,-0.411681712,-7.85291195e-06,0.397940755,0.880904675,0.256222755,-0.105475307,-0.233505979,0.966617644],"scale":2.46659994,"type":"utah2_rock_flat_a"}
{"pos":[-90.5817032,-736.843994,111.752998],"rotationMatrix":[0.820993423,-0.570937634,2.93259618e-05,0.567424655,0.815947533,0.1107198,-0.0632380322,-0.0908835828,0.993851662],"scale":2.04559994,"type":"utah2_rock_flat_a"}
{"pos":[-99.7863007,-721.697021,111.983002],"rotationMatrix":[-0.506409466,0.862293124,0,-0.862293124,-0.506409466,0,0,0,1],"scale":1.47609997,"type":"utah2_rock_flat_a"}
{"pos":[-128.352005,-713.366028,111.143997],"rotationMatrix":[-0.881444275,0.472129852,-0.012222087,-0.470580131,-0.880161464,-0.0622103326,-0.0401287638,-0.0490834676,0.997988224],"scale":2.22140002,"type":"utah2_rock_flat_a"}
{"pos":[-86.1248016,-754.073975,111.635002],"rotationMatrix":[-0.833647668,0.552296638,0,-0.552296638,-0.833647668,0,0,0,1],"scale":1.54030001,"type":"utah2_rock_flat_a"}
{"pos":[-93.8099976,-775.971985,113.396004],"rotationMatrix":[-0.383078814,0.923715651,0,-0.923715651,-0.383078814,0,0,0,1],"scale":1,"type":"utah2_rock_flat_a"}
{"pos":[-109.818001,-785.039001,114.000999],"rotationMatrix":[0.422626019,0.906304181,0,-0.906304181,0.422626019,0,0,0,1],"scale":1,"type":"utah2_rock_flat_a"}
{"pos":[-175.050995,-908.184998,132.619003],"rotationMatrix":[0.990517378,0.133955821,0.0305149239,-0.135321259,0.989627242,0.0482294522,-0.0237377845,-0.0519014262,0.998370051],"scale":1.50059998,"type":"utah2_rock_flat_a"}
{"pos":[-167.459,-907.739014,133.593002],"rotationMatrix":[-0.998789132,0.0146645103,-0.0469597988,-0.0212325044,-0.989555776,0.142578214,-0.0443785004,0.143402636,0.988668919],"scale":1,"type":"utah2_rock_flat_a"}
{"pos":[-174.231857,-907.73999,133.106033],"rotationMatrix":[0.987913609,-0.122167483,0.0954033956,0.131143421,0.986869812,-0.0942834988,-0.0826323554,0.105655476,0.990963578],"scale":1,"type":"utah2_rock_flat_a"}
{"pos":[-136.996002,-911.047974,135.240005],"rotationMatrix":[-0.99587512,0.0866668969,-0.0268625114,-0.0898026451,-0.983782291,0.155267149,-0.0129703423,0.157039016,0.987507224],"scale":1,"type":"utah2_rock_flat_a"}
{"pos":[-291.589996,-682.518982,108.555],"rotationMatrix":[-0.561190009,0.827687025,-5.8468795e-05,-0.827685893,-0.561189353,-0.00161838939,-0.00137233187,-0.000859830121,0.999998689],"scale":1,"type":"utah2_rock_flat_a"}
{"pos":[-285.252991,-682.927002,108.925003],"rotationMatrix":[-0.0289876461,-0.999579787,0,0.999579787,-0.0289876461,0,0,0,1],"scale":1,"type":"utah2_rock_flat_a"}
{"pos":[-311.153992,-687.570007,107.202003],"rotationMatrix":[-0.580288291,-0.814411163,0,0.814411163,-0.580288291,0,0,0,1],"scale":1,"type":"utah2_rock_flat_a"}
{"pos":[-307.576996,-693.976013,107.393997],"rotationMatrix":[-0.679682851,0.726925373,-0.0980343074,0.724563122,0.686179161,0.0645479038,0.114190608,-0.027159946,-0.99308753],"scale":1,"type":"utah2_rock_flat_a"}
{"pos":[-317.002014,-702.442017,106.708],"rotationMatrix":[0.404595613,-0.914495707,0,0.914495707,0.404595613,0,0,0,1],"scale":1,"type":"utah2_rock_flat_a"}
{"pos":[-499.013,-584.801025,163.582993],"rotationMatrix":[-0.301487446,-0.952415586,0.0448315628,0.952589273,-0.298855066,0.0570909306,-0.0409761518,0.0599182658,0.997361898],"scale":1.58459997,"type":"utah2_rock_flat_a"}
{"pos":[-641.377014,-216.975006,235.921005],"rotationMatrix":[-0.285754919,-0.958302736,0,0.958302736,-0.285754919,0,0,0,1],"scale":1.84449995,"type":"utah2_rock_flat_a"}
{"pos":[-571.721008,-371.839996,167.156998],"rotationMatrix":[0.262135029,-0.965031207,0,0.965031207,0.262135029,0,0,0,1],"scale":1,"type":"utah2_rock_flat_a"}
{"pos":[-563.031006,-375.757996,163.138],"rotationMatrix":[-0.970571697,0.240812331,0,-0.240812331,-0.970571697,0,0,0,1],"scale":1,"type":"utah2_rock_flat_a"}
{"pos":[-565.588989,-381.545013,162.251007],"rotationMatrix":[0.420261264,0.907403171,0,-0.907403171,0.420261264,0,0,0,1],"scale":1,"type":"utah2_rock_flat_a"}
{"pos":[-565.926025,-383.687012,162.186005],"rotationMatrix":[0.608054638,-0.793895185,0,0.793895185,0.608054638,0,0,0,1],"scale":1,"type":"utah2_rock_flat_a"}
{"pos":[-849.234985,-741.968018,156.559998],"rotationMatrix":[-0.995582044,0.0938956514,0,-0.0938956514,-0.995582044,0,0,0,1],"scale":1.81029999,"type":"utah2_rock_flat_a"}
{"pos":[-859.947021,-731.809998,157.544998],"rotationMatrix":[-0.00254559517,-0.999996781,0,0.999996781,-0.00254559517,0,0,0,1],"scale":1,"type":"utah2_rock_flat_a"}
{"pos":[-931.544983,-947.099976,140.373993],"rotationMatrix":[0.737622142,0.675213754,0,-0.675213754,0.737622142,0,0,0,1],"scale":1.43200004,"type":"utah2_rock_flat_a"}
{"pos":[-1023.40997,-773.388,103.532997],"rotationMatrix":[0.184972167,0.97933799,0.0817459524,-0.982626498,0.185594201,-1.10459496e-05,-0.0151823917,-0.0803236887,0.996653199],"scale":1,"type":"utah2_rock_flat_a"}
{"pos":[-1005.51001,-598.297974,258.920013],"rotationMatrix":[-0.966460884,0.256813854,0,-0.256813854,-0.966460884,0,0,0,1],"scale":2.14680004,"type":"utah2_rock_flat_a"}
{"pos":[-3.02279997,772.015015,216.557999],"rotationMatrix":[0.951566219,-0.277877033,0.131552622,0.266599506,0.958905935,0.0970778763,-0.153122291,-0.0573041663,0.986544371],"scale":2.01300001,"type":"utah2_rock_flat_a"}
{"pos":[-191.253006,892.442017,259.45401],"rotationMatrix":[0.704622507,0.709582329,0,-0.709582329,0.704622507,0,0,0,1],"scale":1,"type":"utah2_rock_flat_a"}
{"pos":[-195.863998,895.304016,260.596985],"rotationMatrix":[-0.998914182,-0.0465881601,0,0.0465881601,-0.998914182,0,0,0,1],"scale":1,"type":"utah2_rock_flat_a"}
{"pos":[-215.160995,882.427979,263.306],"rotationMatrix":[-0.799392402,0.600809276,0,-0.600809276,-0.799392402,0,0,0,1],"scale":1,"type":"utah2_rock_flat_a"}
{"pos":[-219.783997,883.369019,264.694],"rotationMatrix":[-0.881985426,0.377308071,0.282383293,-0.382028371,-0.92326647,0.0404147059,0.275963813,-0.0722332522,0.95844996],"scale":2.04889989,"type":"utah2_rock_flat_a"}
{"pos":[-4.83010006,744.005981,203.835007],"rotationMatrix":[0.225475073,0.957397282,0.180420294,-0.948659003,0.257920742,-0.183092773,-0.221826658,-0.129874483,0.966398239],"scale":1,"type":"utah2_rock_flat_a"}
{"pos":[-88.6113968,704.763,197.102005],"rotationMatrix":[0.770283937,-0.637701094,0,0.637701094,0.770283937,0,0,0,1],"scale":2.93639994,"type":"utah2_rock_flat_a"}
{"pos":[-32.4784012,619.281982,196.190994],"rotationMatrix":[0.192554712,0.981286228,0,-0.981286228,0.192554712,0,0,0,1],"scale":1,"type":"utah2_rock_flat_a"}
{"pos":[-316.752991,612.385986,236.445999],"rotationMatrix":[0.780634642,0.624271393,-0.0299134254,-0.624553204,0.780982256,-0.000100442099,0.0232991502,0.0187609345,0.999552488],"scale":2.9756,"type":"utah2_rock_flat_a"}
{"pos":[-319.742004,609.424011,237.138],"rotationMatrix":[-0.645453811,-0.740921855,0.185537592,0.754015625,-0.656856477,1.58872845e-05,0.121859796,0.139908493,0.982637167],"scale":1.93910003,"type":"utah2_rock_flat_a"}
{"pos":[-304.473999,620.609009,235.048996],"rotationMatrix":[0.681181431,0.728715956,-0.070462063,-0.729103208,0.683950782,0.024897052,0.066335462,0.0344147049,0.997203708],"scale":3.3527,"type":"utah2_rock_flat_a"}
{"pos":[-47.4945984,229.348999,234.016006],"rotationMatrix":[0.341927767,-0.939726233,0,0.939726233,0.341927767,0,0,0,1],"scale":1,"type":"utah2_rock_flat_a"}
{"pos":[-232.679001,225.445007,202.320999],"rotationMatrix":[-0.0957967043,-0.858891904,-0.503117919,0.993833601,-0.110881925,5.88469047e-05,-0.0558372289,-0.500009894,0.864217758],"scale":1,"type":"utah2_rock_flat_a"}
{"pos":[-245.942001,188.625,195.098007],"rotationMatrix":[-0.0362131596,0.998886883,0.0302257948,-0.895935237,-0.0458498001,0.441811979,0.442706019,-0.0110809468,0.896598339],"scale":1,"type":"utah2_rock_flat_a"}
{"pos":[-355.122009,290.218994,296.746002],"rotationMatrix":[-0.854082942,0.520136833,0,-0.520136833,-0.854082942,0,0,0,1],"scale":1.63339996,"type":"utah2_rock_flat_a"}
{"pos":[-252.356003,189.925003,200.860992],"rotationMatrix":[-0.186084747,-0.982533693,-6.11776122e-05,0.942529082,-0.178490579,-0.282453567,0.277509242,-0.0526179634,0.959280968],"scale":1,"type":"utah2_rock_flat_a"}
{"pos":[-252.408997,197.832001,202.296005],"rotationMatrix":[0.916850924,0.399229735,0,-0.399229735,0.916850924,0,0,0,1],"scale":1,"type":"utah2_rock_flat_a"}
{"pos":[-251.507004,195.240997,201.487],"rotationMatrix":[-0.100925863,-0.994893968,2.05343877e-05,0.903502047,-0.0916633606,-0.41866675,0.416530877,-0.0422357507,0.908139944],"scale":1,"type":"utah2_rock_flat_a"}
{"pos":[-252.274994,183.582001,198.578995],"rotationMatrix":[0.595477819,0.803371727,5.84273766e-05,-0.798036814,0.591515064,0.115096442,0.0924306661,-0.0685840026,0.993354321],"scale":1,"type":"utah2_rock_flat_a"}
{"pos":[-259.463013,185.570999,204.462997],"rotationMatrix":[-0.183072686,-0.983099401,0,0.983099401,-0.183072686,0,0,0,1],"scale":1,"type":"utah2_rock_flat_a"}
{"pos":[-346.748993,206.376999,237.977005],"rotationMatrix":[-0.337335229,-0.941384614,0,0.941384614,-0.337335229,0,0,0,1],"scale":1,"type":"utah2_rock_flat_a"}
{"pos":[-346.214996,208.278,237.962006],"rotationMatrix":[-0.304482698,-0.952517867,0,0.952517867,-0.304482698,0,0,0,1],"scale":1,"type":"utah2_rock_flat_a"}
{"pos":[-344.112,203.102005,236.751999],"rotationMatrix":[0.861858845,0.507148206,0,-0.507148206,0.861858845,0,0,0,1],"scale":1,"type":"utah2_rock_flat_a"}
{"pos":[-343.028015,205.013,236.634995],"rotationMatrix":[-0.857747793,-0.514070749,0,0.514070749,-0.857747793,0,0,0,1],"scale":1,"type":"utah2_rock_flat_a"}
{"pos":[-338.570007,183.723999,236.393997],"rotationMatrix":[-0.11689502,-0.993144274,0,0.993144274,-0.11689502,0,0,0,1],"scale":1,"type":"utah2_rock_flat_a"}
{"pos":[-341.653015,181.608994,239.436996],"rotationMatrix":[-0.973687828,0.227885962,0,-0.227885962,-0.973687828,0,0,0,1],"scale":1,"type":"utah2_rock_flat_a"}
{"pos":[-311.559998,45.1874008,204.567993],"rotationMatrix":[-0.890303195,0.455368221,0,-0.455368221,-0.890303195,0,0,0,1],"scale":1,"type":"utah2_rock_flat_a"}
{"pos":[-309.803009,43.4207993,203.570999],"rotationMatrix":[-0.99898684,0.0450005978,-9.23871994e-06,-0.0449533761,-0.997947872,-0.0455986746,-0.00206127763,-0.0455520675,0.99895978],"scale":1,"type":"utah2_rock_flat_a"}
{"pos":[-308.463013,35.2000008,198.593002],"rotationMatrix":[-0.998268843,0.0468920544,-0.0354961306,-0.0470620766,-0.998884082,0.00396889262,-0.0352705121,0.00563254254,0.999361813],"scale":1,"type":"utah2_rock_flat_a"}
{"pos":[-311.428009,30.5956001,196.580002],"rotationMatrix":[-0.946530938,-0.32261306,0,0.32261306,-0.946530938,0,0,0,1],"scale":1,"type":"utah2_rock_flat_a"}
{"pos":[-313.231995,29.5133991,196.576004],"rotationMatrix":[0.600929737,0.799301863,0,-0.799301863,0.600929737,0,0,0,1],"scale":1,"type":"utah2_rock_flat_a"}
{"pos":[-308.839996,36.9570007,199.645004],"rotationMatrix":[-0.99049598,0.137541667,-7.00353776e-05,0.137282073,0.988595009,-0.0619156025,-0.00844673812,-0.0613367707,-0.998081386],"scale":1,"type":"utah2_rock_flat_a"}
{"pos":[-381.194,231.934006,252.503998],"rotationMatrix":[0.941930532,-0.3358078,0,0.3358078,0.941930532,0,0,0,1],"scale":2.21620011,"type":"utah2_rock_flat_a"}
{"pos":[-552.90802,829.557007,261.170013],"rotationMatrix":[0.998579502,0.0366355628,-0.0386886746,-0.0433626547,0.980720997,-0.190541357,0.0309622046,0.191948324,0.9809165],"scale":2.87109995,"type":"utah2_rock_flat_a"}
{"pos":[-544.278015,828.580994,260.351013],"rotationMatrix":[0.984838247,-0.173475131,6.77919234e-05,0.157952681,0.896553755,-0.413814366,0.0717257187,0.407550901,0.91036129],"scale":2.4361999,"type":"utah2_rock_flat_a"}
{"pos":[-525.387024,826.791992,261.082001],"rotationMatrix":[-0.953829348,0.240325823,-0.180147365,-0.269794583,-0.949145377,0.162277356,-0.131986603,0.203387693,0.970161319],"scale":3.23280001,"type":"utah2_rock_flat_a"}
{"pos":[-672.229004,549.437012,243.315994],"rotationMatrix":[-0.719175816,0.694828153,0,-0.694828153,-0.719175816,0,0,0,1],"scale":1.75779998,"type":"utah2_rock_flat_a"}
{"pos":[-657.682007,546.955994,243.438004],"rotationMatrix":[0.999997973,0.00201323419,0,-0.00201323419,0.999997973,0,0,0,1],"scale":1,"type":"utah2_rock_flat_a"}
{"pos":[-695.43103,553.422974,242.522003],"rotationMatrix":[-0.953546762,0.301245034,0,-0.301245034,-0.953546762,0,0,0,1],"scale":1,"type":"utah2_rock_flat_a"}
{"pos":[-695.65802,553.814026,240.929993],"rotationMatrix":[-0.988110602,-0.153744712,0,0.153744712,-0.988110602,0,0,0,1],"scale":1,"type":"utah2_rock_flat_a"}
{"pos":[-689.776001,548.458984,245.582993],"rotationMatrix":[0.999797344,0.0184586346,-0.00803426094,0.0190998744,-0.99586314,0.0888358131,-0.0063612368,-0.0889712647,-0.99601388],"scale":1.27219999,"type":"utah2_rock_flat_a"}
{"pos":[-792.317017,574.218018,232.046997],"rotationMatrix":[0.979960918,0.199189857,0,-0.199189857,0.979960918,0,0,0,1],"scale":1,"type":"utah2_rock_flat_a"}
{"pos":[-794.692993,576.973022,231.479996],"rotationMatrix":[0.235479712,0.971879244,0,-0.971879244,0.235479712,0,0,0,1],"scale":1,"type":"utah2_rock_flat_a"}
{"pos":[-785.27002,574.994995,231.944],"rotationMatrix":[-0.998211324,0.00193762616,-0.059752807,-0.000502512266,-0.999711275,-0.0240231957,-0.0597821027,-0.0239501987,0.997924089],"scale":2.00119996,"type":"utah2_rock_flat_a"}
{"pos":[-789.307007,579.064026,229.154007],"rotationMatrix":[-0.451626062,0.892207325,0,-0.892207325,-0.451626062,0,0,0,1],"scale":1,"type":"utah2_rock_flat_a"}
{"pos":[-787.796997,578.291992,228.479996],"rotationMatrix":[0.935634375,-0.35297069,0,0.35297069,0.935634375,0,0,0,1],"scale":1,"type":"utah2_rock_flat_a"}
{"pos":[-789.939026,577.106995,229.699997],"rotationMatrix":[-0.659514844,0.75169152,0,-0.75169152,-0.659514844,0,0,0,1],"scale":1,"type":"utah2_rock_flat_a"}
{"pos":[-788.083984,580.439026,228.656006],"rotationMatrix":[-0.387480974,-0.921877682,0,0.921877682,-0.387480974,0,0,0,1],"scale":1,"type":"utah2_rock_flat_a"}
{"pos":[-785.922974,581.286011,227.848007],"rotationMatrix":[0.742219925,0.67015636,0,-0.67015636,0.742219925,0,0,0,1],"scale":1,"type":"utah2_rock_flat_a"}
{"pos":[-798.963989,574.963013,232.957993],"rotationMatrix":[-0.168314278,0.981597126,0.0902072787,-0.965092301,-0.182727695,0.187636361,0.200666681,-0.0554764755,0.978087544],"scale":1,"type":"utah2_rock_flat_a"}
{"pos":[-798.22699,575.419983,232.776001],"rotationMatrix":[-0.300815642,-0.953682303,1.0148704e-05,0.8987993,-0.283507705,-0.334339947,0.318856955,-0.10056556,0.94245255],"scale":0.812600017,"type":"utah2_rock_flat_a"}
{"pos":[-794.03302,578.812988,231.472],"rotationMatrix":[-0.50161016,-0.865093768,0,0.865093768,-0.50161016,0,0,0,1],"scale":1,"type":"utah2_rock_flat_a"}
{"pos":[-614.455017,487.238007,276.204987],"rotationMatrix":[0.988110542,0.1537451,0,-0.1537451,0.988110542,0,0,0,1],"scale":2.01149988,"type":"utah2_rock_flat_a"}
{"pos":[-613.801025,487.889008,275.157013],"rotationMatrix":[0.999951959,0.0098020602,0,-0.0098020602,0.999951959,0,0,0,1],"scale":2.32340002,"type":"utah2_rock_flat_a"}
{"pos":[-599.63501,334.122009,298.692993],"rotationMatrix":[0.665511131,0.709378064,0.232115671,-0.65785408,0.704395175,-0.266562313,-0.352594614,0.0247019548,0.935450077],"scale":1.19050002,"type":"utah2_rock_flat_a"}
{"pos":[-711.588989,383.200989,295.649994],"rotationMatrix":[0.56293726,0.826499641,-2.60610541e-05,-0.823880792,0.561151028,-0.0795611516,-0.0657426417,0.0448094085,0.996829987],"scale":1.7263,"type":"utah2_rock_flat_a"}
{"pos":[-716.541016,380.154999,292.746002],"rotationMatrix":[0.588128567,0.808767438,0,-0.808767438,0.588128567,0,0,0,1],"scale":1,"type":"utah2_rock_flat_a"}
{"pos":[-714.747986,382.347992,293.890991],"rotationMatrix":[0.315513015,0.948921263,0,-0.948921263,0.315513015,0,0,0,1],"scale":1,"type":"utah2_rock_flat_a"}
{"pos":[-803.620972,343.34201,251.179001],"rotationMatrix":[-0.998306453,0.058174096,0,-0.058174096,-0.998306453,0,0,0,1],"scale":1,"type":"utah2_rock_flat_a"}
{"pos":[-801.955017,342.645996,251.181],"rotationMatrix":[-0.467255771,-0.884122193,0,0.884122193,-0.467255771,0,0,0,1],"scale":1,"type":"utah2_rock_flat_a"}
{"pos":[-908.999023,383.286011,256.526001],"rotationMatrix":[-0.107360423,-0.994218111,-0.0020128747,0.975264549,-0.105706751,0.194126517,-0.193216875,0.018878419,0.980974436],"scale":2.05430007,"type":"utah2_rock_flat_a"}
{"pos":[-909.862976,379.303986,256.256989],"rotationMatrix":[-0.349326372,-0.937001109,-6.51599548e-05,0.889529407,-0.331650138,0.31423822,-0.294463187,0.109713741,0.949344158],"scale":2.01250005,"type":"utah2_rock_flat_a"}
{"pos":[-959.137024,340.85199,271.496002],"rotationMatrix":[-0.665033579,0.742415309,0.0809309036,-0.703586757,-0.659184337,0.265408605,0.250391811,0.119563721,0.960733294],"scale":3.73070002,"type":"utah2_rock_flat_a"}
{"pos":[-955.379028,329.03299,271.312012],"rotationMatrix":[-0.523449957,-0.831268013,0.18706584,0.700581014,-0.54485023,-0.46078679,0.484960169,-0.110144049,0.867572427],"scale":3.00300002,"type":"utah2_rock_flat_a"}
{"pos":[915.547974,-43.6110001,201.802002],"rotationMatrix":[-0.0414278507,-0.999141514,0,0.999141514,-0.0414278507,0,0,0,1],"scale":1.71000004,"type":"utah2_rock_flat_a"}
{"pos":[921.299988,-57.7653008,201.778],"rotationMatrix":[0.506174088,-0.862431347,0,0.862431347,0.506174088,0,0,0,1],"scale":1.69509995,"type":"utah2_rock_flat_a"}
{"pos":[902,-308.157013,173.671005],"rotationMatrix":[0.344576597,-0.938758194,5.86630449e-05,0.937742114,0.34420073,-0.0465356931,0.043665573,0.016090123,0.998916626],"scale":1.72060001,"type":"utah2_rock_flat_a"}
{"pos":[899.789978,-285.625,174.597],"rotationMatrix":[0.250538707,-0.963490605,-0.094425641,0.967814207,0.251665831,-2.91085671e-05,0.0237917546,-0.091379188,0.995531917],"scale":1.92369998,"type":"utah2_rock_flat_a"}
{"pos":[900.685913,-291.696198,175.091003],"rotationMatrix":[-0.422545314,0.89492774,0.14338696,-0.904275358,-0.426949739,-5.68604592e-05,0.0611681379,-0.129685313,0.9896667],"scale":1,"type":"utah2_rock_flat_a"}
{"pos":[637.833008,-219.356003,141.098007],"rotationMatrix":[-0.992011487,-0.126147568,0,0.126147568,-0.992011487,0,0,0,1],"scale":1,"type":"utah2_rock_flat_a"}
{"pos":[639.617981,-219.865005,140.841003],"rotationMatrix":[0.925427914,0.378923714,0,-0.378923714,0.925427914,0,0,0,1],"scale":1.77789998,"type":"utah2_rock_flat_a"}
{"pos":[626.992981,-236.509995,133.878006],"rotationMatrix":[0.973942399,-0.223262608,0.039874956,-0.223381996,-0.974729836,-0.00149268238,0.0392005704,-0.00745356083,-0.999203563],"scale":2.56730008,"type":"utah2_rock_flat_a"}
{"pos":[603.734009,-70.362999,134.787003],"rotationMatrix":[0.18209064,0.983281732,0,-0.983281732,0.18209064,0,0,0,1],"scale":1,"type":"utah2_rock_flat_a"}
{"pos":[605.463013,-64.0450974,135.981003],"rotationMatrix":[0.36920166,0.929349303,0,-0.929349303,0.36920166,0,0,0,1],"scale":1,"type":"utah2_rock_flat_a"}
{"pos":[557.960999,-56.1286011,137.955002],"rotationMatrix":[-0.957369328,-0.288866699,0,0.288866699,-0.957369328,0,0,0,1],"scale":1.96969998,"type":"utah2_rock_flat_a"}
{"pos":[608.765991,-239.427994,131.584],"rotationMatrix":[-0.0500099063,-0.96800524,-0.245896146,0.99874872,-0.0484665036,-0.0123283826,1.62125234e-05,-0.246205002,0.969217777],"scale":1.67340004,"type":"utah2_rock_flat_a"}
{"pos":[685.349976,-600.851013,125.323997],"rotationMatrix":[-0.42212534,-0.906537473,0,0.906537473,-0.42212534,0,0,0,1],"scale":1,"type":"utah2_rock_flat_a"}
{"pos":[636.679993,-760.357971,147.244995],"rotationMatrix":[0.602500677,0.722687781,0.33869648,-0.670503855,0.688513637,-0.276357681,-0.432917446,-0.0605916083,0.89939487],"scale":2.91630006,"type":"utah2_rock_flat_a"}
{"pos":[509.441986,-854.664978,141.438995],"rotationMatrix":[-0.902323008,-0.431060553,0,0.431060553,-0.902323008,0,0,0,1],"scale":1.70420003,"type":"utah2_rock_flat_a"}
{"pos":[512.473999,-853.278015,141.447006],"rotationMatrix":[0.924488783,0.381209254,0,-0.381209254,0.924488783,0,0,0,1],"scale":1.7141,"type":"utah2_rock_flat_a"}
{"pos":[336.990997,-116.155998,141.141006],"rotationMatrix":[-0.197578371,-0.980287075,0,0.980287075,-0.197578371,0,0,0,1],"scale":1.33490002,"type":"utah2_rock_flat_a"}
{"pos":[404.967987,-466.015015,133.447998],"rotationMatrix":[-0.999878347,-0.0155977998,0,0.0155977998,-0.999878347,0,0,0,1],"scale":2.45020008,"type":"utah2_rock_flat_a"}
{"pos":[7.99860001,-333.610992,138.602005],"rotationMatrix":[-0.945450604,-0.211923406,-0.247409835,0.205020338,-0.977286279,0.0536487363,-0.253159672,-1.82092663e-06,0.967424512],"scale":1.9892,"type":"utah2_rock_flat_a"}
{"pos":[375.726013,-588.796021,125.494003],"rotationMatrix":[-0.999783635,-0.020801032,0,0.020801032,-0.999783635,0,0,0,1],"scale":1.36660004,"type":"utah2_rock_flat_a"}
{"pos":[366.178009,-588.471008,125.541],"rotationMatrix":[-0.997687876,0.0679625049,0,-0.0679625049,-0.997687876,0,0,0,1],"scale":1,"type":"utah2_rock_flat_a"}
{"pos":[496.963013,-860.950989,141.375],"rotationMatrix":[0.807301521,0.59013921,0,-0.59013921,0.807301521,0,0,0,1],"scale":1.99549997,"type":"utah2_rock_flat_a"}
{"pos":[201.028,-898.601013,132.914993],"rotationMatrix":[0.186745644,0.982326448,0.0126814591,-0.98145932,0.185982466,0.0463478416,0.0431701802,-0.021101594,0.998844862],"scale":1,"type":"utah2_rock_flat_a"}
{"pos":[200.626007,-900.327026,132.636002],"rotationMatrix":[0.922774911,0.385339409,0,-0.385339409,0.922774911,0,0,0,1],"scale":1.80680001,"type":"utah2_rock_flat_a"}
{"pos":[206.511993,-892.465027,132.727997],"rotationMatrix":[-0.830875933,-0.556457698,0,0.556457698,-0.830875933,0,0,0,1],"scale":1.91120005,"type":"utah2_rock_flat_a"}
{"pos":[945.992004,764.924988,236.841995],"rotationMatrix":[-0.717108548,0.696961522,0,-0.696961522,-0.717108548,0,0,0,1],"scale":1.41250002,"type":"utah2_rock_flat_a"}
{"pos":[952.078003,759.205994,237.035995],"rotationMatrix":[0.999957681,-0.00919982605,0,0.00919982605,0.999957681,0,0,0,1],"scale":1.21790004,"type":"utah2_rock_flat_a"}
{"pos":[929.111023,814.596985,247.207001],"rotationMatrix":[-0.396360219,0.918095052,0,-0.918095052,-0.396360219,0,0,0,1],"scale":1.24769998,"type":"utah2_rock_flat_a"}
{"pos":[927.427002,805.90802,242.464005],"rotationMatrix":[0.532797337,-0.846242845,0,0.846242845,0.532797337,0,0,0,1],"scale":1.86600006,"type":"utah2_rock_flat_a"}
{"pos":[932.633972,784.208008,237.022003],"rotationMatrix":[-0.303109884,0.952955604,0,-0.952955604,-0.303109884,0,0,0,1],"scale":1,"type":"utah2_rock_flat_a"}
{"pos":[931.051025,787.059021,236.921005],"rotationMatrix":[0.74641037,-0.665485978,0,0.665485978,0.74641037,0,0,0,1],"scale":1.53890002,"type":"utah2_rock_flat_a"}
{"pos":[936.815002,777.307983,236.811996],"rotationMatrix":[-0.504932523,0.863158822,0,-0.863158822,-0.504932523,0,0,0,1],"scale":1.66040003,"type":"utah2_rock_flat_a"}
{"pos":[934.755005,780.375977,236.871994],"rotationMatrix":[-0.960292518,0.278995126,0,-0.278995126,-0.960292518,0,0,0,1],"scale":1.3075,"type":"utah2_rock_flat_a"}
{"pos":[908.679016,805.026001,220.281006],"rotationMatrix":[-0.965679228,-0.259737611,0,0.259737611,-0.965679228,0,0,0,1],"scale":2.58870006,"type":"utah2_rock_flat_a"}
{"pos":[929.846008,811.887024,246.697998],"rotationMatrix":[0.203058958,-0.951408625,-0.231492311,0.977973282,0.208730102,-5.9720428e-06,0.0483250953,-0.22639209,0.972836733],"scale":1.43550003,"type":"utah2_rock_flat_a"}
{"pos":[935.383972,771.301025,235.307999],"rotationMatrix":[0.997097015,-0.0761415884,0,0.0761415884,0.997097015,0,0,0,1],"scale":1,"type":"utah2_rock_flat_a"}
{"pos":[936.502991,772.552979,235.811005],"rotationMatrix":[-0.898988187,0.383229107,-0.21202758,-0.305422038,-0.895528376,-0.323645353,-0.313907027,-0.226195455,0.922116041],"scale":1,"type":"utah2_rock_flat_a"}
{"pos":[921.247009,809.411987,239.419998],"rotationMatrix":[-0.27177155,0.962361813,5.39476423e-05,-0.962240875,-0.271738291,0.0158365946,0.0152551923,0.00425202493,0.999874592],"scale":1.61109996,"type":"utah2_rock_flat_a"}
{"pos":[865.11499,618.723999,183.292999],"rotationMatrix":[0.115492702,-0.993308306,0,0.993308306,0.115492702,0,0,0,1],"scale":4.21549988,"type":"utah2_rock_flat_a"}
{"pos":[573.593994,870.695984,228.322998],"rotationMatrix":[-0.482258677,-0.876028836,0,0.876028836,-0.482258677,0,0,0,1],"scale":1,"type":"utah2_rock_flat_a"}
{"pos":[611.129028,852.317017,203.783005],"rotationMatrix":[-0.513362885,-0.824875772,-0.23672463,0.720214784,-0.264126658,-0.641504288,0.466636062,-0.499817073,0.729680538],"scale":1,"type":"utah2_rock_flat_a"}
{"pos":[601.171997,763.791016,156.557007],"rotationMatrix":[0.583924532,-0.81180793,0,0.81180793,0.583924532,0,0,0,1],"scale":1,"type":"utah2_rock_flat_a"}
{"pos":[555.880005,512.940002,187.807007],"rotationMatrix":[0.73440671,0.672985852,-0.0879590884,-0.678344846,0.723573327,-0.127631903,-0.022249613,0.153400317,0.987913609],"scale":1.94739997,"type":"utah2_rock_flat_a"}
{"pos":[916.854004,454.781006,219.738998],"rotationMatrix":[0.622929573,-0.782277942,0,0.782277942,0.622929573,0,0,0,1],"scale":1,"type":"utah2_rock_flat_a"}
{"pos":[876.421997,289.242004,224.384995],"rotationMatrix":[0.343936443,-0.362664282,0.86613065,0.452614665,0.87220335,0.185475856,-0.822707534,0.328231514,0.464129686],"scale":1.2493,"type":"utah2_rock_flat_a"}
{"pos":[812.484009,333.309998,202.858994],"rotationMatrix":[-0.345159173,-0.938544154,0,0.938544154,-0.345159173,0,0,0,1],"scale":2.6473999,"type":"utah2_rock_flat_a"}
{"pos":[812.422974,338.752014,202.796997],"rotationMatrix":[-0.0115962625,-0.999932766,0,0.999932766,-0.0115962625,0,0,0,1],"scale":2.49070001,"type":"utah2_rock_flat_a"}
{"pos":[784.346008,332.993011,150.542999],"rotationMatrix":[0.656231642,-0.754559517,3.9200746e-05,0.596695125,0.518970609,0.612065732,-0.461860359,-0.401633501,0.79080689],"scale":1.83389997,"type":"utah2_rock_flat_a"}
{"pos":[784.96698,295.628998,157.552002],"rotationMatrix":[0.85752213,0.514447093,0,-0.514447093,0.85752213,0,0,0,1],"scale":2.83179998,"type":"utah2_rock_flat_a"}
{"pos":[779.629028,270.174011,147.072006],"rotationMatrix":[0.354307652,-0.935128927,0,0.935128927,0.354307652,0,0,0,1],"scale":2.43319988,"type":"utah2_rock_flat_a"}
{"pos":[927.041992,134.401993,199.843994],"rotationMatrix":[0.164098859,-0.970790982,-0.17503269,0.982880533,0.175979853,-0.0545617044,0.0837702379,-0.163082704,0.983049631],"scale":1.81439996,"type":"utah2_rock_flat_a"}
{"pos":[918.414978,93.5252991,209.819],"rotationMatrix":[-0.995985925,0.0895099789,0,-0.0895099789,-0.995985925,0,0,0,1],"scale":2.72119999,"type":"utah2_rock_flat_a"}
{"pos":[900.966003,76.6671982,195.322006],"rotationMatrix":[0.196322918,-0.980539322,0,0.980539322,0.196322918,0,0,0,1],"scale":1,"type":"utah2_rock_flat_a"}
{"pos":[895.905029,58.2486,193.968994],"rotationMatrix":[-0.14667058,-0.989180684,-0.00305857649,0.989172101,-0.146683931,0.00472805789,-0.00512554729,-0.00233199168,0.999984145],"scale":2.46399999,"type":"utah2_rock_flat_a"}
{"pos":[929.700012,109.820999,201.697998],"rotationMatrix":[-0.667557538,-0.711913049,-0.218052208,0.727718651,-0.685785532,0.0111238267,-0.157456249,-0.151254863,0.975873709],"scale":1.64320004,"type":"utah2_rock_flat_a"}
{"pos":[649.390991,368.355988,156.951004],"rotationMatrix":[0.973092437,-0.225549698,-0.0471003465,0.22580263,0.974173069,5.07781369e-05,0.045872435,-0.0106847938,0.998890162],"scale":1.75880003,"type":"utah2_rock_flat_a"}
{"pos":[655.598022,369.216003,156.341003],"rotationMatrix":[-0.970476031,-0.241197586,0,0.241197586,-0.970476031,0,0,0,1],"scale":1.57799995,"type":"utah2_rock_flat_a"}
{"pos":[652.164978,371.024994,158.128006],"rotationMatrix":[-0.614214122,-0.78913939,0,0.78913939,-0.614214122,0,0,0,1],"scale":2.35479999,"type":"utah2_rock_flat_a"}
{"pos":[288.345001,826.195984,228.108002],"rotationMatrix":[0.923256636,0.382793605,-0.0326533057,-0.28207776,0.733129025,0.618832767,0.260824293,-0.56213069,0.784843802],"scale":1.99380004,"type":"utah2_rock_flat_a"}
{"pos":[271.234985,704.278992,185.097],"rotationMatrix":[0.999890566,-0.0147937918,0,0.0147937918,0.999890566,0,0,0,1],"scale":1,"type":"utah2_rock_flat_a"}
{"pos":[279.963013,710.33197,185.108002],"rotationMatrix":[0.808531642,0.588452697,0,-0.588452697,0.808531642,0,0,0,1],"scale":1,"type":"utah2_rock_flat_a"}
{"pos":[192.686005,814.184021,265.54599],"rotationMatrix":[0.489933014,-0.87176007,0,0.87176007,0.489933014,0,0,0,1],"scale":1,"type":"utah2_rock_flat_a"}
{"pos":[204.102997,768.357971,264.433014],"rotationMatrix":[0.431405902,0.902157962,0,-0.902157962,0.431405902,0,0,0,1],"scale":1.71800005,"type":"utah2_rock_flat_a"}
{"pos":[61.4729996,761.411011,239.173996],"rotationMatrix":[-0.493993878,-0.869465351,0,0.869465351,-0.493993878,0,0,0,1],"scale":1,"type":"utah2_rock_flat_a"}
{"pos":[2.33789992,750.172974,208.938995],"rotationMatrix":[0.77963388,0.565722644,0.268568248,-0.587324977,0.809351206,0.000112216832,-0.217302561,-0.157824323,0.963260651],"scale":1,"type":"utah2_rock_flat_a"}
{"pos":[213.610001,695.013977,221.384995],"rotationMatrix":[0.554433107,-0.832228303,0,0.832228303,0.554433107,0,0,0,1],"scale":2.87879992,"type":"utah2_rock_flat_a"}
{"pos":[214.722,719.755981,217.936005],"rotationMatrix":[-0.332054913,0.943260074,0,-0.943260074,-0.332054913,0,0,0,1],"scale":2.84929991,"type":"utah2_rock_flat_a"}
{"pos":[163.298004,728.39502,262.533997],"rotationMatrix":[0.473672271,-0.880701184,0,0.880701184,0.473672271,0,0,0,1],"scale":1,"type":"utah2_rock_flat_a"}
{"pos":[139.264999,735.875,274.553009],"rotationMatrix":[-0.057959199,0.99831897,0,-0.99831897,-0.057959199,0,0,0,1],"scale":1,"type":"utah2_rock_flat_a"}
{"pos":[146.645996,706.979004,265.571991],"rotationMatrix":[-0.630527794,-0.776166677,0,0.776166677,-0.630527794,0,0,0,1],"scale":1,"type":"utah2_rock_flat_a"}
{"pos":[169.977997,675.663025,255.074997],"rotationMatrix":[0.98534441,0.170576647,0,-0.170576647,0.98534441,0,0,0,1],"scale":1,"type":"utah2_rock_flat_a"}
{"pos":[109.236,670.202026,265.665985],"rotationMatrix":[0.981259346,-0.192691714,0,0.192691714,0.981259346,0,0,0,1],"scale":1,"type":"utah2_rock_flat_a"}
{"pos":[73.4138031,658.70697,252.746994],"rotationMatrix":[-0.243245363,0.969964802,0,-0.969964802,-0.243245363,0,0,0,1],"scale":2.45560002,"type":"utah2_rock_flat_a"}
{"pos":[52.6062012,633.52002,226.863007],"rotationMatrix":[-0.39875257,-0.917058527,0,0.917058527,-0.39875257,0,0,0,1],"scale":1,"type":"utah2_rock_flat_a"}
{"pos":[47.9977989,638.833008,226.393005],"rotationMatrix":[0.445125818,-0.895468056,0,0.895468056,0.445125818,0,0,0,1],"scale":1,"type":"utah2_rock_flat_a"}
{"pos":[105.149002,584.763977,225.218002],"rotationMatrix":[0.390393615,0.920648038,0,-0.920648038,0.390393615,0,0,0,1],"scale":3.40240002,"type":"utah2_rock_flat_a"}
{"pos":[200.695007,324.562988,196.453003],"rotationMatrix":[0.489543796,-0.8719787,0,0.8719787,0.489543796,0,0,0,1],"scale":2.36059999,"type":"utah2_rock_flat_a"}
{"pos":[201.807007,321.910004,196.281006],"rotationMatrix":[-0.982138634,0.188158721,0,-0.188158721,-0.982138634,0,0,0,1],"scale":2.81690001,"type":"utah2_rock_flat_a"}
{"pos":[164.339005,344.019012,204.130005],"rotationMatrix":[-0.603785515,0.797146797,0,-0.797146797,-0.603785515,0,0,0,1],"scale":2.89490008,"type":"utah2_rock_flat_a"}
{"pos":[139.856003,363.648987,204.481003],"rotationMatrix":[-0.704808056,0.709398031,0,-0.709398031,-0.704808056,0,0,0,1],"scale":2.04520011,"type":"utah2_rock_flat_a"}
{"pos":[128.714005,372.725006,204.539001],"rotationMatrix":[0.919446468,-0.393215209,0,0.393215209,0.919446468,0,0,0,1],"scale":1.4303,"type":"utah2_rock_flat_a"}
{"pos":[-580.137817,-715.045166,104.183609],"rotationMatrix":[0.683666527,0.678620219,0.268467993,-0.720396936,0.686386108,0.0995118022,-0.116742,-0.261436403,0.958134651],"scale":1,"type":"utah2_rock_flat_a"}
{"pos":[-175.886261,-568.934937,129.826096],"rotationMatrix":[0.982484281,-0.178625122,-0.0530767739,0.176517531,0.983397365,-0.0420865305,0.0597132631,0.0319803655,0.997702897],"scale":1,"type":"utah2_rock_flat_a"}
{"pos":[626.352173,-512.742371,135.243774],"rotationMatrix":[0.852700651,0.522399783,0,-0.522399783,0.852700651,0,0,0,1],"scale":1,"type":"utah2_rock_flat_a"}
{"pos":[628.651062,-506.431519,136.07663],"rotationMatrix":[-0.192678526,-0.981261909,0,0.981261909,-0.192678526,0,0,0,1],"scale":1,"type":"utah2_rock_flat_a"}
{"pos":[666.156677,-465.657715,140.620514],"rotationMatrix":[0.51129353,0.859406114,0,-0.859406114,0.51129353,0,0,0,1],"scale":1,"type":"utah2_rock_flat_a"}
{"pos":[637.614075,-573.651367,139.18512],"rotationMatrix":[-0.999695361,0.0246824864,0,-0.0246824864,-0.999695361,0,0,0,1],"scale":1,"type":"utah2_rock_flat_a"}
{"pos":[-29.1794262,-558.968445,135.8405],"rotationMatrix":[0.809354782,0.587319136,0,-0.587319136,0.809354782,0,0,0,1],"scale":1,"type":"utah2_rock_flat_a"}
{"pos":[-940.656067,646.507141,267.044556],"rotationMatrix":[0.320680022,-0.885046721,-0.33742553,0.932973444,0.356630206,-0.0487471446,0.163479775,-0.299176872,0.940089107],"scale":1,"type":"utah2_rock_flat_a"}
{"pos":[-925.987122,654.023438,267.061798],"rotationMatrix":[-0.929629862,-0.350057095,0.115096241,0.0898663998,-0.518283188,-0.850473464,0.357366711,-0.780283153,0.513269544],"scale":1,"type":"utah2_rock_flat_a"}
{"pos":[-958.736511,638.076904,266.823395],"rotationMatrix":[-0.700786591,0.713370979,0,-0.713370979,-0.700786591,0,0,0,1],"scale":1,"type":"utah2_rock_flat_a"}
{"pos":[-950.802673,625.535645,266.716644],"rotationMatrix":[-0.986490548,-0.163818493,0,0.163818493,-0.986490548,0,0,0,1],"scale":1.3018477,"type":"utah2_rock_flat_a"}
{"pos":[-904.10199,-68.237587,255.955307],"rotationMatrix":[0.816114843,-0.577890396,0,0.577890396,0.816114843,0,0,0,1],"scale":0.784709096,"type":"utah2_rock_flat_a"}
{"pos":[562.335876,-612.641479,135.254715],"rotationMatrix":[0.997679532,0.0680847615,0,-0.0672257915,0.98509264,0.158345684,0.0107809277,-0.157978266,0.987383842],"scale":1,"type":"utah2_rock_flat_a"}
{"pos":[-426.555878,-104.31221,229.162979],"rotationMatrix":[0.75502187,0.648763418,-0.0951230973,-0.642579138,0.760962367,0.0896030143,0.130516276,-0.00652813725,0.991424799],"scale":1,"type":"utah2_rock_flat_a"}
{"pos":[-411.596436,-85.2406616,229.597366],"rotationMatrix":[0.997581542,0.0695061758,0,-0.0695061758,0.997581542,0,0,0,1],"scale":1,"type":"utah2_rock_flat_a"}
{"pos":[-409.397125,-88.7465057,229.260178],"rotationMatrix":[0.982422173,-0.186672524,0,0.186672524,0.982422173,0,0,0,1],"scale":1,"type":"utah2_rock_flat_a"}
{"pos":[-419.008972,-70.8703461,229.4048],"rotationMatrix":[0.706660986,0.707552195,0,-0.707552195,0.706660986,0,0,0,1],"scale":1,"type":"utah2_rock_flat_a"}
{"pos":[-461.870575,-121.114944,229.23587],"rotationMatrix":[-0.692918956,0.721015453,0,-0.721015453,-0.692918956,0,0,0,1],"scale":1,"type":"utah2_rock_flat_a"}
{"pos":[908.360718,-304.948334,174.849609],"rotationMatrix":[-0.150562331,0.988600373,0,-0.988600373,-0.150562331,0,0,0,1],"scale":1,"type":"utah2_rock_flat_a"}
{"pos":[909.724609,-26.4594269,200.214737],"rotationMatrix":[0.499085784,0.866552591,0,-0.838124275,0.482712805,-0.254038692,-0.220137894,0.126787126,0.967194021],"scale":1,"type":"utah2_rock_flat_a"}
{"pos":[920.492126,-188.606644,186.640747],"rotationMatrix":[0.712730408,-0.33128041,0.618278205,0.512903214,0.847410619,-0.137205541,-0.478482306,0.414907485,0.773890495],"scale":1,"type":"utah2_rock_flat_a"}
{"pos":[787.869995,-215.106522,144.304901],"rotationMatrix":[0.854997575,-0.518632233,0,0.518632233,0.854997575,0,0,0,1],"scale":1,"type":"utah2_rock_flat_a"}
{"pos":[789.472107,-217.638397,144.304901],"rotationMatrix":[0.163342059,-0.98657012,-8.512486e-08,-0.986569107,-0.163342297,5.26292894e-08,-8.94631658e-09,-1.31974772e-07,-1],"scale":1,"type":"utah2_rock_flat_a"}
{"pos":[835.250793,-217.835724,144.263367],"rotationMatrix":[-0.0363016874,-0.999340415,0,0.999340415,-0.0363016874,0,0,0,1],"scale":1,"type":"utah2_rock_flat_a"}
{"pos":[781.574402,-217.307587,144.304901],"rotationMatrix":[-0.569269657,-0.82215035,-6.04246395e-07,-0.82215023,0.569269955,1.64709047e-06,-1.14478746e-06,1.6395802e-06,-0.999999523],"scale":1,"type":"utah2_rock_flat_a"}
{"pos":[789.438965,-221.455566,144.304901],"rotationMatrix":[0.63726896,0.770641148,0,-0.770641148,0.63726896,0,0,0,1],"scale":1,"type":"utah2_rock_flat_a"}
{"pos":[743.488403,-200.41156,144.304901],"rotationMatrix":[-0.18450512,0.982831538,0,-0.982831538,-0.18450512,0,0,0,1],"scale":1,"type":"utah2_rock_flat_a"}
{"pos":[148.736938,13.0421791,171.40451],"rotationMatrix":[0.500164151,-0.865930378,0,0.865930378,0.500164151,0,0,0,1],"scale":1,"type":"utah2_rock_flat_a"}
