{"pos":[-249.548004,-168.315002,171.285995],"rotationMatrix":[-0.197103977,-0.976335227,0.0889918208,0.967749357,-0.208286166,-0.141696975,0.156879514,0.0581927449,0.985901833],"scale":1.07770002,"type":"utah2_rock_flat_c"}
{"pos":[-490.92099,-241.160004,168.485992],"rotationMatrix":[-0.772972882,0.596688807,0.215581477,-0.548878133,-0.799358368,0.244456589,0.318191379,0.0706303567,0.945391774],"scale":2.27060008,"type":"utah2_rock_flat_c"}
{"pos":[-491.261993,-239.272995,167.985992],"rotationMatrix":[-0.787849784,0.615867436,0,-0.615867436,-0.787849784,0,0,0,1],"scale":1.24059999,"type":"utah2_rock_flat_c"}
{"pos":[-489.016998,-239.591995,167.281006],"rotationMatrix":[-0.807809532,0.589443564,-0.000116730254,-0.562885463,-0.771353841,0.296939731,0.174939185,0.239936456,0.954896212],"scale":1.95879996,"type":"utah2_rock_flat_c"}
{"pos":[-487.447998,-239.003006,167.042999],"rotationMatrix":[0.743870854,-0.667687714,-0.0291419011,0.650558293,0.733395815,-0.197242111,0.153068677,0.127764151,0.979921579],"scale":1,"type":"utah2_rock_flat_c"}
{"pos":[-492.583008,-243.453995,169.667007],"rotationMatrix":[-0.721257389,0.691836417,0.0339135751,0.690727532,0.7220366,-0.039479278,-0.0518000461,-0.00504968083,-0.99864471],"scale":2.04310012,"type":"utah2_rock_flat_c"}
{"pos":[-478.041992,-226.600006,164.848999],"rotationMatrix":[-0.438602388,0.898681223,0,-0.898681223,-0.438602388,0,0,0,1],"scale":1.12960005,"type":"utah2_rock_flat_c"}
{"pos":[-468.45401,-221.460999,166.199997],"rotationMatrix":[-0.963440597,-0.267922044,0,0.267922044,-0.963440597,0,0,0,1],"scale":1.48710001,"type":"utah2_rock_flat_c"}
{"pos":[-476.069,-231.632004,165.880997],"rotationMatrix":[0.608906746,-0.793241799,0,0.793241799,0.608906746,0,0,0,1],"scale":1.76180005,"type":"utah2_rock_flat_c"}
{"pos":[-473.048004,-235.692001,165.927994],"rotationMatrix":[0.501707792,-0.864570796,-0.0284014978,0.86492008,0.501909614,2.64923328e-05,0.0142320795,-0.0245783161,0.999596596],"scale":1.32700002,"type":"utah2_rock_flat_c"}
{"pos":[-468.885986,-239.824997,165.996994],"rotationMatrix":[0.755318642,-0.655357718,-9.48300512e-05,0.653309643,0.752946734,0.0791057423,-0.0517711565,-0.0598119944,0.996866226],"scale":1.77330005,"type":"utah2_rock_flat_c"}
{"pos":[-329.054993,-468.782013,132.802994],"rotationMatrix":[-0.784056664,0.620689273,0,-0.620689273,-0.784056664,0,0,0,1],"scale":1,"type":"utah2_rock_flat_c"}
{"pos":[-93.9800034,-748.950989,111.588997],"rotationMatrix":[-0.704622507,0.709582329,0,-0.709582329,-0.704622507,0,0,0,1],"scale":1.78960001,"type":"utah2_rock_flat_c"}
{"pos":[-97.6504974,-745.781006,111.697998],"rotationMatrix":[-0.941454947,0.337138832,0,-0.337138832,-0.941454947,0,0,0,1],"scale":1.2938,"type":"utah2_rock_flat_c"}
{"pos":[-108.510002,-741.950989,111.421997],"rotationMatrix":[0.585956335,-0.81034261,0,0.81034261,0.585956335,0,0,0,1],"scale":2.3138001,"type":"utah2_rock_flat_c"}
{"pos":[-113.950996,-737.143982,111.510002],"rotationMatrix":[-0.845774949,0.533539832,0,-0.533539832,-0.845774949,0,0,0,1],"scale":1.91630006,"type":"utah2_rock_flat_c"}
{"pos":[-123.224998,-731.232971,111.806999],"rotationMatrix":[0.892331243,-0.451381147,-4.07011503e-05,0.450514108,0.890622735,-0.061872378,0.0279642735,0.0551923178,0.998084068],"scale":1.60769999,"type":"utah2_rock_flat_c"}
{"pos":[-108.738998,-726.210022,111.523003],"rotationMatrix":[-0.875903726,0.48248592,0,-0.48248592,-0.875903726,0,0,0,1],"scale":2.29719996,"type":"utah2_rock_flat_c"}
{"pos":[-80.9195023,-744.427979,111.487],"rotationMatrix":[-0.856223762,0.516605139,-4.80300259e-05,-0.514993668,-0.853560269,-0.0788439587,-0.0407721885,-0.0674833357,0.996886969],"scale":3.23909998,"type":"utah2_rock_flat_c"}
{"pos":[-89.4853973,-752.325989,111.720001],"rotationMatrix":[-0.850172281,0.526504576,0,-0.526504576,-0.850172281,0,0,0,1],"scale":1.21879995,"type":"utah2_rock_flat_c"}
{"pos":[-83.3880005,-757.036987,111.835999],"rotationMatrix":[0.712719798,-0.701448858,0,0.701448858,0.712719798,0,0,0,1],"scale":1,"type":"utah2_rock_flat_c"}
{"pos":[-76.5460968,-763.622986,111.685997],"rotationMatrix":[0.744381189,-0.667754948,0,0.667754948,0.744381189,0,0,0,1],"scale":2.9625001,"type":"utah2_rock_flat_c"}
{"pos":[-66.8972015,-754.687988,111.597],"rotationMatrix":[0.731953859,-0.681354225,0,0.681354225,0.731953859,0,0,0,1],"scale":2.23600006,"type":"utah2_rock_flat_c"}
{"pos":[-88.5901031,-797.538025,113.878998],"rotationMatrix":[-0.223530531,0.974696934,0.000155165442,-0.445185035,-0.101954162,-0.889615476,-0.867089629,-0.198925287,0.456710339],"scale":1,"type":"utah2_rock_flat_c"}
{"pos":[-170.264008,-907.518982,133.442001],"rotationMatrix":[0.987705231,-0.141462624,0.0665334836,0.149644852,0.978685617,-0.140644521,-0.0452194251,0.14887172,0.987822056],"scale":1,"type":"utah2_rock_flat_c"}
{"pos":[-164.352997,-908.521973,133.841995],"rotationMatrix":[-0.996299028,0.0834425911,-0.0206296053,-0.0859549046,-0.967165232,0.239171833,4.88075966e-06,0.240059882,0.97075808],"scale":1,"type":"utah2_rock_flat_c"}
{"pos":[-160.959,-908.442017,133.962006],"rotationMatrix":[0.995961905,-0.0726115853,0.0527962409,0.080993183,0.980420589,-0.179486975,-0.0387296863,0.183038324,0.982342601],"scale":1,"type":"utah2_rock_flat_c"}
{"pos":[-155.792999,-909.189026,134.160995],"rotationMatrix":[-0.995714724,0.0717780367,-0.0583103895,-0.0843252912,-0.96356523,0.253833205,-0.0379662141,0.257662505,0.965488791],"scale":1.44319999,"type":"utah2_rock_flat_c"}
{"pos":[-150.548004,-909.603027,134.580002],"rotationMatrix":[0.973852396,-0.211735696,0.0823377743,0.2220539,0.963723183,-0.148086771,-0.0479955673,0.162498072,0.985540867],"scale":1,"type":"utah2_rock_flat_c"}
{"pos":[-146.492996,-909.939026,134.748993],"rotationMatrix":[0.990407228,-0.127394244,0.0535185002,0.134618804,0.976932764,-0.16577138,-0.0311656576,0.171385765,0.984710932],"scale":1.18990004,"type":"utah2_rock_flat_c"}
{"pos":[-140.410004,-910.78302,135.117996],"rotationMatrix":[0.998040795,-0.0472054668,0.0410635471,0.0528524518,0.987340689,-0.149549261,-0.0334841646,0.151426584,0.987901211],"scale":1,"type":"utah2_rock_flat_c"}
{"pos":[-302.415009,-673.185974,107.851997],"rotationMatrix":[-0.906689227,0.421799302,0,-0.421799302,-0.906689227,0,0,0,1],"scale":1,"type":"utah2_rock_flat_c"}
{"pos":[-297.138,-675.539001,108.060997],"rotationMatrix":[0.763462782,-0.645851851,0,0.645851851,0.763462782,0,0,0,1],"scale":1,"type":"utah2_rock_flat_c"}
{"pos":[-434.69101,-747.919006,104.456001],"rotationMatrix":[0.698000193,0.561021149,0.445029229,-0.626474619,0.779441833,-8.85923509e-06,-0.346879393,-0.278793335,0.895516038],"scale":1.33630002,"type":"utah2_rock_flat_c"}
{"pos":[-640.075012,-96.1140976,228.884995],"rotationMatrix":[0.985190749,0.133000627,0.108212858,-0.171330348,0.788331032,0.590914607,-0.00671553798,-0.600703776,0.799443483],"scale":2.26370001,"type":"utah2_rock_flat_c"}
{"pos":[-646.054993,-61.1763,252.078995],"rotationMatrix":[0.98336792,0.164957568,-0.0760035142,-0.0863335133,0.792705297,0.603460729,0.159793794,-0.586862266,0.793762326],"scale":1.90910006,"type":"utah2_rock_flat_c"}
{"pos":[-640.408997,-83.3542023,236.899002],"rotationMatrix":[0.863696575,0.475295275,0.167698026,-0.4223423,0.500928402,0.755445361,0.275054902,-0.72330153,0.633387446],"scale":1.55309999,"type":"utah2_rock_flat_c"}
{"pos":[-642.231018,-89.351799,233.444],"rotationMatrix":[0.98530221,0.170820236,1.23019972e-05,-0.160355702,0.924917221,0.344694346,0.0588693917,-0.339630067,0.938714981],"scale":1,"type":"utah2_rock_flat_c"}
{"pos":[-649.809998,-87.0009003,235.757004],"rotationMatrix":[0.958541393,0.279797882,0.0539586954,-0.284952134,0.941740155,0.178683385,-0.000819836161,-0.186651081,0.982425928],"scale":1,"type":"utah2_rock_flat_c"}
{"pos":[-653.062988,-91.2055969,233.636002],"rotationMatrix":[-0.997795284,-0.0663669482,0,0.0663669482,-0.997795284,0,0,0,1],"scale":1,"type":"utah2_rock_flat_c"}
{"pos":[-636.534973,-73.5554962,242.778],"rotationMatrix":[0.975260258,0.190387458,0.112338968,-0.214442492,0.938207388,0.271627158,-0.0536828451,-0.288997412,0.955823541],"scale":1,"type":"utah2_rock_flat_c"}
{"pos":[-640.848022,-72.0576019,243.703995],"rotationMatrix":[0.991726875,-0.00750522455,-0.128146306,0.0215889253,0.993821383,0.108871385,0.126537442,-0.110737219,0.985761404],"scale":1,"type":"utah2_rock_flat_c"}
{"pos":[-637.835022,-72.1414032,244.197998],"rotationMatrix":[-0.906971157,-0.302266151,-0.293323189,0.408881962,-0.798999727,-0.440925151,-0.101088412,-0.519840956,0.84826088],"scale":1,"type":"utah2_rock_flat_c"}
{"pos":[-645.33197,-59.2015991,252.419006],"rotationMatrix":[0.999446392,0.0332702473,1.11731579e-05,-0.0329708531,0.990497351,-0.133521244,-0.00445335126,0.133446947,0.991045952],"scale":1.74469995,"type":"utah2_rock_flat_c"}
{"pos":[-646.627991,-60.3525009,253.192993],"rotationMatrix":[-0.999415219,0.034193866,0,-0.034193866,-0.999415219,0,0,0,1],"scale":1,"type":"utah2_rock_flat_c"}
{"pos":[-647.044983,-59.4259987,253.895996],"rotationMatrix":[0.895846605,0.444363445,0,-0.444363445,0.895846605,0,0,0,1],"scale":1.52470005,"type":"utah2_rock_flat_c"}
{"pos":[-679.833008,-67.5112991,255.192993],"rotationMatrix":[0.708487272,0.705723584,0,-0.705723584,0.708487272,0,0,0,1],"scale":4.04360008,"type":"utah2_rock_flat_c"}
{"pos":[-685.661011,-74.8723984,255.328995],"rotationMatrix":[-0.452514291,-0.891757131,0,0.891757131,-0.452514291,0,0,0,1],"scale":2.80089998,"type":"utah2_rock_flat_c"}
{"pos":[-663.054993,-146.666,228.388],"rotationMatrix":[0.523805857,-0.851720333,-0.0141371796,0.814124763,0.505430222,-0.28590405,0.250655651,0.138248786,0.958153963],"scale":2.34949994,"type":"utah2_rock_flat_c"}
{"pos":[-662.752258,-143.807571,229.489365],"rotationMatrix":[0.185017824,0.982735157,9.95635201e-05,-0.979856074,0.184468031,0.076509051,0.0751697645,-0.0142530957,0.997068882],"scale":1.57070005,"type":"utah2_rock_flat_c"}
{"pos":[-660.703003,-178.804993,236.091003],"rotationMatrix":[-0.717677414,-0.696375728,0,0.696375728,-0.717677414,0,0,0,1],"scale":1,"type":"utah2_rock_flat_c"}
{"pos":[-639.070007,-211.375,235.692001],"rotationMatrix":[-0.0730422735,-0.996429622,0.0423424952,0.996062458,-0.0707449317,0.0534291826,-0.0502429008,0.0460783578,0.997673512],"scale":2.35389996,"type":"utah2_rock_flat_c"}
{"pos":[-571.60498,-368.587006,167.897995],"rotationMatrix":[-0.99533391,0.0964904502,0,-0.0964904502,-0.99533391,0,0,0,1],"scale":1,"type":"utah2_rock_flat_c"}
{"pos":[-570.663025,-370.256012,167.291],"rotationMatrix":[0.830561876,0.556244373,0.0275533069,0.553383887,-0.829839528,0.0716422573,0.0627154261,-0.0442557745,-0.997049749],"scale":0.865999997,"type":"utah2_rock_flat_c"}
{"pos":[-568.960022,-370.277008,167.179993],"rotationMatrix":[0.885843754,-0.463983655,0,0.463983655,0.885843754,0,0,0,1],"scale":1,"type":"utah2_rock_flat_c"}
{"pos":[-569.219971,-373.316986,165.781998],"rotationMatrix":[-0.0590881705,0.998252749,0,-0.998252749,-0.0590881705,0,0,0,1],"scale":1,"type":"utah2_rock_flat_c"}
{"pos":[-567.638,-372.243011,165.787994],"rotationMatrix":[0.999656796,-0.0261971243,0,0.0261971243,0.999656796,0,0,0,1],"scale":1,"type":"utah2_rock_flat_c"}
{"pos":[-566.757019,-377.109985,163.716003],"rotationMatrix":[0.668080807,0.744088709,0,-0.744088709,0.668080807,0,0,0,1],"scale":1,"type":"utah2_rock_flat_c"}
{"pos":[-564.005981,-375.057007,163.684998],"rotationMatrix":[-0.705255389,-0.708953321,0,0.708953321,-0.705255389,0,0,0,1],"scale":1,"type":"utah2_rock_flat_c"}
{"pos":[-766.289001,-146.416,294.871002],"rotationMatrix":[0.27807951,0.960558057,0,-0.960558057,0.27807951,0,0,0,1],"scale":3.27010012,"type":"utah2_rock_flat_c"}
{"pos":[-763.234985,-137.925995,295.342987],"rotationMatrix":[-0.18893528,-0.981989563,0,0.981989563,-0.18893528,0,0,0,1],"scale":1.99179995,"type":"utah2_rock_flat_c"}
{"pos":[-773.091003,-313.790009,235.365005],"rotationMatrix":[0.58458519,0.805927813,-0.0934907272,-0.77486974,0.52043736,-0.358778238,-0.240493298,0.282179564,0.928729057],"scale":1.6401,"type":"utah2_rock_flat_c"}
{"pos":[-776.13501,-477.774994,201.565994],"rotationMatrix":[-0.37707603,0.92618233,0,-0.92618233,-0.37707603,0,0,0,1],"scale":1.23609996,"type":"utah2_rock_flat_c"}
{"pos":[-767.48999,-492.083008,201.149994],"rotationMatrix":[0.541105986,-0.840954423,0,0.840954423,0.541105986,0,0,0,1],"scale":1.89380002,"type":"utah2_rock_flat_c"}
{"pos":[-522.46698,-603.81897,159.917999],"rotationMatrix":[-0.888239682,-0.459380299,0,0.459380299,-0.888239682,0,0,0,1],"scale":1,"type":"utah2_rock_flat_c"}
{"pos":[-724.08197,-514.841003,188.617996],"rotationMatrix":[-0.897123873,0.438052028,0.0572641529,-0.245732933,-0.602520585,0.759331465,0.367129505,0.667142689,0.648179412],"scale":2.56699991,"type":"utah2_rock_flat_c"}
{"pos":[-719.676025,-519.575012,190.371994],"rotationMatrix":[-0.83505404,0.549177349,0.0329996794,-0.335924059,-0.556455195,0.759942532,0.435706079,0.623507679,0.64915204],"scale":1.80149996,"type":"utah2_rock_flat_c"}
{"pos":[-726.755005,-575.396973,234.352997],"rotationMatrix":[-0.517023444,0.855971217,0,-0.855971217,-0.517023444,0,0,0,1],"scale":1.40090001,"type":"utah2_rock_flat_c"}
{"pos":[-540.151978,-825.755981,134.393005],"rotationMatrix":[0.892397523,0.443689317,-0.0822584927,-0.441020489,0.896148324,0.0491845533,0.0955384746,-0.00761449384,0.995396614],"scale":2.19939995,"type":"utah2_rock_flat_c"}
{"pos":[-597.370972,-815.252014,111.462997],"rotationMatrix":[0.885429382,0.444475859,-0.135852903,-0.444544137,0.895201921,0.0315283276,0.135629371,0.0324765071,0.990227222],"scale":1.71619999,"type":"utah2_rock_flat_c"}
{"pos":[-725.768982,-893.387024,111.664001],"rotationMatrix":[0.999322891,0.00190253032,-0.0367442444,0.00190253032,0.994654298,0.10324344,0.0367442444,-0.10324344,0.993977189],"scale":2.25690007,"type":"utah2_rock_flat_c"}
{"pos":[-695.999023,-890.612976,111.489998],"rotationMatrix":[0.998283148,-0.0585726611,0,0.0585726611,0.998283148,0,0,0,1],"scale":1.90439999,"type":"utah2_rock_flat_c"}
{"pos":[-759.536987,-504.567993,202.477997],"rotationMatrix":[-0.79327172,0.608867764,0,-0.608867764,-0.79327172,0,0,0,1],"scale":1.64180005,"type":"utah2_rock_flat_c"}
{"pos":[-994.940002,-602.775024,257.859009],"rotationMatrix":[0.824880123,-0.565307677,0,0.565307677,0.824880123,0,0,0,1],"scale":2.04949999,"type":"utah2_rock_flat_c"}
{"pos":[-986.307983,-715.221008,106.904999],"rotationMatrix":[-0.995506704,0.0946910903,0,-0.0946910903,-0.995506704,0,0,0,1],"scale":5.32410002,"type":"utah2_rock_flat_c"}
{"pos":[-898.190979,-707.802979,159.800995],"rotationMatrix":[0.266263008,-0.963900387,0,0.963900387,0.266263008,0,0,0,1],"scale":2.64569998,"type":"utah2_rock_flat_c"}
{"pos":[-792.81897,-921.231018,163.542999],"rotationMatrix":[-0.0270087123,-0.99963522,0,0.99963522,-0.0270087123,0,0,0,1],"scale":1,"type":"utah2_rock_flat_c"}
{"pos":[-845.788025,-928.700012,138.080002],"rotationMatrix":[-0.999945939,-0.0103980722,0,0.0103980722,-0.999945939,0,0,0,1],"scale":2.28439999,"type":"utah2_rock_flat_c"}
{"pos":[-927.814026,-909.5,134.475006],"rotationMatrix":[-0.955478072,-0.295062125,0,0.295062125,-0.955478072,0,0,0,1],"scale":1.96819997,"type":"utah2_rock_flat_c"}
{"pos":[-933.440002,-911.174988,134.597],"rotationMatrix":[-0.962625265,-0.27083686,0,0.27083686,-0.962625265,0,0,0,1],"scale":1.63189995,"type":"utah2_rock_flat_c"}
{"pos":[-919.802979,-945.078003,140.218002],"rotationMatrix":[0.979467392,0.199702799,0.0276119858,-0.198566079,0.979305267,-0.0391498096,-0.0348588899,0.0328631587,0.998851776],"scale":2.62089992,"type":"utah2_rock_flat_c"}
{"pos":[-926.963013,-946.434021,140.065002],"rotationMatrix":[-0.992459893,-0.122569822,0,0.122569822,-0.992459893,0,0,0,1],"scale":2.27049994,"type":"utah2_rock_flat_c"}
{"pos":[-1022.92999,-739.75,105.555],"rotationMatrix":[-0.257306993,-0.966329694,0,0.966329694,-0.257306993,0,0,0,1],"scale":5.92759991,"type":"utah2_rock_flat_c"}
{"pos":[-1023.15997,-771.564026,102.953003],"rotationMatrix":[-0.0573319793,-0.426791728,-0.902530789,0.25042221,0.868968487,-0.426828384,0.966437638,-0.250484675,0.0570584536],"scale":1.54579997,"type":"utah2_rock_flat_c"}
{"pos":[-1012.91998,-658.085999,185.132996],"rotationMatrix":[-0.925887942,0.377798259,0,-0.377798259,-0.925887942,0,0,0,1],"scale":7.57660007,"type":"utah2_rock_flat_c"}
{"pos":[-182.304993,891.767029,257.950012],"rotationMatrix":[-0.852692604,0.521389544,0.0326844491,0.514989436,0.828419209,0.220244214,0.087756604,0.204632759,-0.974897027],"scale":2.01160002,"type":"utah2_rock_flat_c"}
{"pos":[-230.705994,845.320007,267.037994],"rotationMatrix":[0.434400439,0.900176227,-0.0312899128,-0.899986029,0.432382584,-0.0554114245,-0.0363508351,0.0522312336,0.997973204],"scale":2.2750001,"type":"utah2_rock_flat_c"}
{"pos":[-91.8351974,613.34198,227.667999],"rotationMatrix":[0.616263986,0.787539661,-5.95905694e-05,-0.730326653,0.571522117,0.374146253,0.294689059,-0.230529338,0.927369714],"scale":2.02889991,"type":"utah2_rock_flat_c"}
{"pos":[-95.4937973,607.129028,227.692993],"rotationMatrix":[-0.501994491,-0.855310738,0.128238529,0.797886312,-0.515211701,-0.312944651,0.3337349,-0.0547767319,0.941074133],"scale":2.52010012,"type":"utah2_rock_flat_c"}
{"pos":[-89.4701004,610.716003,223.326996],"rotationMatrix":[0.974805236,0.213991851,-0.0629463419,-0.211198717,0.976254821,0.0481832847,0.0717625022,-0.0336751305,0.996853113],"scale":1.61950004,"type":"utah2_rock_flat_c"}
{"pos":[-81.3387985,532.997986,222.529999],"rotationMatrix":[-0.342605114,-0.93947953,0,0.93947953,-0.342605114,0,0,0,1],"scale":2.20950007,"type":"utah2_rock_flat_c"}
{"pos":[-83.8374023,532.802002,224.496994],"rotationMatrix":[0.836180925,-0.548453689,-4.76151909e-05,0.531659722,0.81055522,0.245638341,-0.134682655,-0.205423415,0.969361544],"scale":1,"type":"utah2_rock_flat_c"}
{"pos":[-371.276001,862.982971,270.515991],"rotationMatrix":[0.948860645,-0.315695226,0,0.315695226,0.948860645,0,0,0,1],"scale":1.70490003,"type":"utah2_rock_flat_c"}
{"pos":[-421.532013,885.578979,272.230011],"rotationMatrix":[-0.898775458,0.419343978,0.127880007,-0.369082212,-0.881165862,0.295508116,0.236603051,0.218397215,0.946742654],"scale":2.01029992,"type":"utah2_rock_flat_c"}
{"pos":[-496.835999,875.094971,266.886993],"rotationMatrix":[0.952423573,0.296638131,-0.0699654222,-0.297371835,0.954761744,-7.44444624e-05,0.0667782202,0.0208766479,0.997549415],"scale":1.59519994,"type":"utah2_rock_flat_c"}
{"pos":[-493.203003,877.098022,266.203003],"rotationMatrix":[0.849303246,0.527905285,0,-0.527905285,0.849303246,0,0,0,1],"scale":1.54320002,"type":"utah2_rock_flat_c"}
{"pos":[-485.342987,780.265015,260.565002],"rotationMatrix":[-0.96663177,-0.247151837,-0.0673720315,0.179914206,-0.842205942,0.508251965,-0.182356521,0.479171276,0.858569145],"scale":2.11750007,"type":"utah2_rock_flat_c"}
{"pos":[-399.545013,870.890991,269.963989],"rotationMatrix":[0.94448328,-0.328559488,5.91095013e-05,0.32448861,0.932752848,-0.157096341,0.0515603609,0.148394048,0.98758328],"scale":1.92770004,"type":"utah2_rock_flat_c"}
{"pos":[-392.877014,867.661011,270.110992],"rotationMatrix":[-0.926996648,0.37174964,-0.0497938767,-0.375044197,-0.917183638,0.134595767,0.00436579948,0.143444732,0.9896487],"scale":1.80439997,"type":"utah2_rock_flat_c"}
{"pos":[-384.639008,865.627014,270.462006],"rotationMatrix":[-0.982403457,0.18677111,0,-0.18677111,-0.982403457,0,0,0,1],"scale":1.33969998,"type":"utah2_rock_flat_c"}
{"pos":[-486.700989,841.786011,259.231995],"rotationMatrix":[0.961576462,0.274537265,0,-0.274537265,0.961576462,0,0,0,1],"scale":2.31690001,"type":"utah2_rock_flat_c"}
{"pos":[-494.384003,839.328979,259.326996],"rotationMatrix":[0.934186935,0.356783926,0,-0.356783926,0.934186935,0,0,0,1],"scale":2.23799992,"type":"utah2_rock_flat_c"}
{"pos":[-315.394989,681.132996,201.729996],"rotationMatrix":[0.749744296,-0.65219295,0.111927763,0.638137639,0.667838573,-0.383108288,0.175110847,0.358658582,0.916897058],"scale":1.28900003,"type":"utah2_rock_flat_c"}
{"pos":[-317.253998,683.012024,201.658005],"rotationMatrix":[0.00216162205,-0.99784106,0.0656391159,0.950458169,-0.0183535814,-0.310310245,0.310845017,0.0630580038,0.948366523],"scale":1.58529997,"type":"utah2_rock_flat_c"}
{"pos":[-323.444,681.361023,204.483002],"rotationMatrix":[0.528021574,0.849230945,0,-0.849230945,0.528021574,0,0,0,1],"scale":1.97479999,"type":"utah2_rock_flat_c"}
{"pos":[-317.925995,681.507996,202.304993],"rotationMatrix":[-0.256656647,0.937225759,-0.23608312,-0.903196692,-0.145630836,0.403766513,0.34403941,0.316858858,0.883876324],"scale":1.32200003,"type":"utah2_rock_flat_c"}
{"pos":[-315.175995,682.833008,201.449997],"rotationMatrix":[0.782000661,-0.614401698,0.104811929,0.623079896,0.774855137,-0.106634714,-0.0156975109,0.14869462,0.988758564],"scale":1,"type":"utah2_rock_flat_c"}
{"pos":[-431.531006,589.73999,251.429993],"rotationMatrix":[-0.98475796,0.173930332,0,-0.173930332,-0.98475796,0,0,0,1],"scale":4.86950016,"type":"utah2_rock_flat_c"}
{"pos":[-46.2243004,227.895004,233.037003],"rotationMatrix":[-0.514494061,-0.857493937,0,0.857493937,-0.514494061,0,0,0,1],"scale":1,"type":"utah2_rock_flat_c"}
{"pos":[-45.0936012,230.701996,233.442993],"rotationMatrix":[0.105075836,0.994464219,0,-0.994464219,0.105075836,0,0,0,1],"scale":1,"type":"utah2_rock_flat_c"}
{"pos":[-47.3107986,220.404999,232.462997],"rotationMatrix":[-0.342605114,0.93947953,0,-0.93947953,-0.342605114,0,0,0,1],"scale":1,"type":"utah2_rock_flat_c"}
{"pos":[-51.4151001,231.253006,236.332001],"rotationMatrix":[0.540582418,0.84129107,0,-0.84129107,0.540582418,0,0,0,1],"scale":1,"type":"utah2_rock_flat_c"}
{"pos":[-248.389999,183.201996,195.848999],"rotationMatrix":[-0.667464137,-0.724143028,0.173518017,0.664087892,-0.684288561,-0.301224917,0.336866319,-0.0858256295,0.93763268],"scale":1,"type":"utah2_rock_flat_c"}
{"pos":[-244.658997,192.309006,195.115005],"rotationMatrix":[0.12090981,0.992663503,-3.14540521e-05,-0.943915069,0.11498189,0.309521496,0.307254285,-0.0373944938,0.950892448],"scale":1,"type":"utah2_rock_flat_c"}
{"pos":[-245.479004,193.623001,195.951996],"rotationMatrix":[0.110195756,-0.99081707,0.0783482715,0.989276052,0.101737618,-0.104796857,0.0958635435,0.0890562385,0.991402626],"scale":1,"type":"utah2_rock_flat_c"}
{"pos":[-246.960999,191.817993,196.880005],"rotationMatrix":[-0.328560352,-0.944482982,-3.48986869e-05,0.913911521,-0.317916036,-0.252378941,0.238356516,-0.0829536021,0.967628479],"scale":1.17589998,"type":"utah2_rock_flat_c"}
{"pos":[-186.039001,34.7984009,174.800003],"rotationMatrix":[-0.531925559,0.841785133,0.0919402316,0.846361041,0.525052547,0.089402236,0.0269840229,0.125369966,-0.991743028],"scale":1.56599998,"type":"utah2_rock_flat_c"}
{"pos":[-182.132004,36.3992004,172.447998],"rotationMatrix":[-0.315647006,-0.948876679,3.40669544e-06,0.930412292,-0.309505463,-0.196314454,0.186279267,-0.0619628988,0.980540991],"scale":2.15380001,"type":"utah2_rock_flat_c"}
{"pos":[-161.632004,73.0150986,174.981003],"rotationMatrix":[-0.890964687,0.454072595,0,-0.454072595,-0.890964687,0,0,0,1],"scale":1.87609994,"type":"utah2_rock_flat_c"}
{"pos":[-165.889008,72.7093964,174.998993],"rotationMatrix":[-0.799658358,-0.600455225,0,0.600455225,-0.799658358,0,0,0,1],"scale":1.7256,"type":"utah2_rock_flat_c"}
{"pos":[-162.332001,74.0330963,175.643005],"rotationMatrix":[0.972620249,-0.232400194,0,0.232400194,0.972620249,0,0,0,1],"scale":1,"type":"utah2_rock_flat_c"}
{"pos":[-165.423996,73.6855011,175.636993],"rotationMatrix":[0.694054484,0.719922483,0,-0.719922483,0.694054484,0,0,0,1],"scale":1,"type":"utah2_rock_flat_c"}
{"pos":[-449.463013,319.035004,283.479004],"rotationMatrix":[0.816495419,0.577351928,0,-0.577351928,0.816495419,0,0,0,1],"scale":1.94330001,"type":"utah2_rock_flat_c"}
{"pos":[-452.973999,314.046997,283.423004],"rotationMatrix":[0.488765478,0.872415245,0,-0.872415245,0.488765478,0,0,0,1],"scale":2.21079993,"type":"utah2_rock_flat_c"}
{"pos":[-270.381989,134.985001,224.026993],"rotationMatrix":[0.82857585,-0.558327854,-0.0416181907,0.558813453,0.82929337,4.25012295e-05,0.0344899595,-0.0232920218,0.999133587],"scale":1.85599995,"type":"utah2_rock_flat_c"}
{"pos":[-253.643005,183.813004,199.371994],"rotationMatrix":[-0.0238999724,0.999714136,-0.000651892507,-0.999706984,-0.0238972902,0.00385146285,0.00383478357,0.000743751356,0.999992371],"scale":1.57850003,"type":"utah2_rock_flat_c"}
{"pos":[-270.393005,145.369003,216.302002],"rotationMatrix":[0.843096733,-0.537761927,0,0.537761927,0.843096733,0,0,0,1],"scale":2.22140002,"type":"utah2_rock_flat_c"}
{"pos":[-366.523987,226.828003,251.285004],"rotationMatrix":[-0.97355181,0.228466347,0,-0.228466347,-0.97355181,0,0,0,1],"scale":2.40300012,"type":"utah2_rock_flat_c"}
{"pos":[-349.682007,210.703003,239.727005],"rotationMatrix":[0.937832117,0.347089201,0,-0.347089201,0.937832117,0,0,0,1],"scale":1,"type":"utah2_rock_flat_c"}
{"pos":[-346.406006,202.529007,237.360992],"rotationMatrix":[-0.48084569,-0.876805246,0,0.876805246,-0.48084569,0,0,0,1],"scale":1,"type":"utah2_rock_flat_c"}
{"pos":[-344.822998,205.794006,237.406998],"rotationMatrix":[0.436905861,0.899507225,0,-0.899507225,0.436905861,0,0,0,1],"scale":1,"type":"utah2_rock_flat_c"}
{"pos":[-347.800995,203.925003,238.009003],"rotationMatrix":[-0.548387527,-0.836224318,0,0.836224318,-0.548387527,0,0,0,1],"scale":1,"type":"utah2_rock_flat_c"}
{"pos":[-345.571991,200.798004,236.744995],"rotationMatrix":[0.190192461,0.981746852,0,-0.981746852,0.190192461,0,0,0,1],"scale":1,"type":"utah2_rock_flat_c"}
{"pos":[-346.721008,198.315994,236.748001],"rotationMatrix":[-0.837781966,-0.546004951,0,0.546004951,-0.837781966,0,0,0,1],"scale":1,"type":"utah2_rock_flat_c"}
{"pos":[-338.121002,180.582993,239.503006],"rotationMatrix":[0.675646424,-0.737225831,0,0.737225831,0.675646424,0,0,0,1],"scale":1,"type":"utah2_rock_flat_c"}
{"pos":[-339.380005,184.751999,236.809998],"rotationMatrix":[0.459382892,0.88823837,-1.27288668e-08,0.88823837,-0.459382892,-7.74729347e-09,-1.27288668e-08,-7.74729347e-09,-1],"scale":1,"type":"utah2_rock_flat_c"}
{"pos":[-309.187988,44.4501991,204.632004],"rotationMatrix":[0.998960257,0.0455895364,0,-0.0455895364,0.998960257,0,0,0,1],"scale":1,"type":"utah2_rock_flat_c"}
{"pos":[-309.148987,41.6478004,202.320007],"rotationMatrix":[-0.997674286,0.0681617036,0,-0.0681617036,-0.997674286,0,0,0,1],"scale":1,"type":"utah2_rock_flat_c"}
{"pos":[-306.177002,42.7714005,203.186996],"rotationMatrix":[0.99817574,-0.0603754222,0,0.0603754222,0.99817574,0,0,0,1],"scale":1,"type":"utah2_rock_flat_c"}
{"pos":[-298.619995,43.3834991,202.692993],"rotationMatrix":[-0.925576508,-0.378560603,0,0.378560603,-0.925576508,0,0,0,1],"scale":1,"type":"utah2_rock_flat_c"}
{"pos":[-293.709015,47.4411011,203.382996],"rotationMatrix":[0.433508396,0.901149511,0,-0.901149511,0.433508396,0,0,0,1],"scale":1,"type":"utah2_rock_flat_c"}
{"pos":[-318.431,34.2061005,201.218002],"rotationMatrix":[0.508568287,0.861021638,0,-0.861021638,0.508568287,0,0,0,1],"scale":1,"type":"utah2_rock_flat_c"}
{"pos":[-314.891998,30.4111996,198.429993],"rotationMatrix":[-0.876605034,-0.48121056,0,0.48121056,-0.876605034,0,0,0,1],"scale":1,"type":"utah2_rock_flat_c"}
{"pos":[-305.631989,34.7542,198.584],"rotationMatrix":[-0.996285021,-0.0861171111,0,0.0861171111,-0.996285021,0,0,0,1],"scale":1,"type":"utah2_rock_flat_c"}
{"pos":[-306.983002,31.4976997,196.600998],"rotationMatrix":[-0.989430368,-0.145008788,0,0.145008788,-0.989430368,0,0,0,1],"scale":1,"type":"utah2_rock_flat_c"}
{"pos":[-315.260986,27.5944996,196.617996],"rotationMatrix":[-0.813341856,-0.581784964,0.00112526969,-0.5817855,0.813342214,-0.000212296974,-0.000791718136,-0.000827335578,-0.999999344],"scale":1,"type":"utah2_rock_flat_c"}
{"pos":[-310.139008,34.5043983,198.526001],"rotationMatrix":[0.964181125,0.264973789,0.0119743347,-0.264275253,0.955823779,0.128683716,0.0226524323,-0.127238899,0.99161309],"scale":1,"type":"utah2_rock_flat_c"}
{"pos":[-310.990997,97.0502014,237.998993],"rotationMatrix":[0.871786118,-0.474511653,0.121768847,0.478081107,0.878315687,-0.000110350848,-0.106899127,0.0583115891,0.992558479],"scale":1.90929997,"type":"utah2_rock_flat_c"}
{"pos":[-301.210999,82.6620026,238.488007],"rotationMatrix":[0.747133255,0.664674282,6.32886731e-05,-0.631369174,0.709726095,-0.312508941,-0.207761586,0.233445868,0.949914813],"scale":1,"type":"utah2_rock_flat_c"}
{"pos":[-298.451996,78.5195999,238.647003],"rotationMatrix":[-0.70703423,-0.707095981,0.0108553357,0.666749477,-0.671649992,-0.323003739,0.235685632,-0.221136898,0.946335435],"scale":1,"type":"utah2_rock_flat_c"}
{"pos":[-375.265991,230.166,252.102997],"rotationMatrix":[0.967334509,-0.243679553,-0.0698872283,0.244276658,0.969705582,-2.57573765e-06,0.0677706674,-0.0170693267,0.997554898],"scale":2.48860002,"type":"utah2_rock_flat_c"}
{"pos":[-420.270996,227.490005,255.860001],"rotationMatrix":[-0.406013727,-0.913866997,0,0.913866997,-0.406013727,0,0,0,1],"scale":3.39829993,"type":"utah2_rock_flat_c"}
{"pos":[-504.186005,872.55603,267.072998],"rotationMatrix":[0.923331022,0.377891243,-0.0682497621,-0.378775775,0.925488472,-2.09866539e-05,0.0631564334,0.0258707348,0.997668266],"scale":2.5309999,"type":"utah2_rock_flat_c"}
{"pos":[-725.164001,774.586975,266.78299],"rotationMatrix":[-0.776418447,-0.630217731,-7.84862059e-05,0.616937697,-0.760032177,-0.204301253,0.128694624,-0.158671677,0.978908062],"scale":3.65310001,"type":"utah2_rock_flat_c"}
{"pos":[-740.927002,759.172974,264.743011],"rotationMatrix":[-0.826663136,-0.562697113,0,0.562697113,-0.826663136,0,0,0,1],"scale":3.50939989,"type":"utah2_rock_flat_c"}
{"pos":[-685.125,548.588989,245.541],"rotationMatrix":[-0.993340969,0.115211628,0,-0.115211628,-0.993340969,0,0,0,1],"scale":1.39359999,"type":"utah2_rock_flat_c"}
{"pos":[-678.627014,548.601013,245.503998],"rotationMatrix":[0.998247862,-0.0591709912,0,0.0591709912,0.998247862,0,0,0,1],"scale":1.46329999,"type":"utah2_rock_flat_c"}
{"pos":[-667.343018,552.296021,242.936996],"rotationMatrix":[0.871181965,0.49096027,0,-0.49096027,0.871181965,0,0,0,1],"scale":1,"type":"utah2_rock_flat_c"}
{"pos":[-650.307983,512.596985,261.828003],"rotationMatrix":[0.99992156,0.00434279349,0.0117479116,-0.00281882333,0.99192965,-0.126758128,-0.0122035863,0.126715064,0.991864085],"scale":3.42619991,"type":"utah2_rock_flat_c"}
{"pos":[-695.093018,553.810974,241.876999],"rotationMatrix":[-0.999373376,0.0353948437,-0.000244102368,0.0353948437,0.999373436,4.32133675e-06,0.000244102368,-4.32133675e-06,-1],"scale":1,"type":"utah2_rock_flat_c"}
{"pos":[-751.421997,752.625,264.425995],"rotationMatrix":[0.859339714,0.51140517,0,-0.51140517,0.859339714,0,0,0,1],"scale":3.50200009,"type":"utah2_rock_flat_c"}
{"pos":[-793.060974,664.570007,255.649994],"rotationMatrix":[-0.744145691,0.60712862,-0.27864325,-0.643372595,-0.763620794,0.0543596037,-0.179774508,0.219722897,0.958855033],"scale":1.76269996,"type":"utah2_rock_flat_c"}
{"pos":[-793.690002,575.038025,231.473999],"rotationMatrix":[-0.971201479,0.238259703,0,-0.238259703,-0.971201479,0,0,0,1],"scale":1,"type":"utah2_rock_flat_c"}
{"pos":[-790.986023,576.017029,230.936005],"rotationMatrix":[-0.999400198,0.0169934891,-0.0301739071,0.0161909945,0.999513865,0.0266436916,0.0306120086,0.0261391662,-0.999189496],"scale":1,"type":"utah2_rock_flat_c"}
{"pos":[-593.640991,339.671997,299.670013],"rotationMatrix":[-0.890708923,-0.430321455,-0.146495953,0.419390976,-0.902243376,0.100339882,-0.175353408,0.0279345512,0.984109163],"scale":2.68540001,"type":"utah2_rock_flat_c"}
{"pos":[-709.982971,388.27301,295.07901],"rotationMatrix":[-0.73121953,-0.682142198,0,0.682142198,-0.73121953,0,0,0,1],"scale":1,"type":"utah2_rock_flat_c"}
{"pos":[-700.598999,388.266998,296.955994],"rotationMatrix":[-0.870589674,-0.491852999,-0.012419696,0.491891414,-0.87065655,-4.48819956e-05,-0.0107912142,-0.00614821585,0.999922872],"scale":1.37530005,"type":"utah2_rock_flat_c"}
{"pos":[-713.367004,377.654999,295.580994],"rotationMatrix":[0.204215765,0.978086352,-0.0405333526,-0.976422012,0.200559139,-0.0798504204,-0.0699712709,0.0558843724,0.995982409],"scale":2.16359997,"type":"utah2_rock_flat_c"}
{"pos":[-716.525024,377.665985,292.717987],"rotationMatrix":[-0.567909896,0.823090732,0,-0.823090732,-0.567909896,0,0,0,1],"scale":1,"type":"utah2_rock_flat_c"}
{"pos":[-715.687988,379.789001,293.858002],"rotationMatrix":[-0.200364113,-0.979721487,0,0.979721487,-0.200364113,0,0,0,1],"scale":1,"type":"utah2_rock_flat_c"}
{"pos":[-797.903015,382.924011,256.600006],"rotationMatrix":[0.443217993,-0.894310176,-0.0613769218,0.890033305,0.447185278,-0.0886910036,0.106764123,-0.0153180538,0.994166374],"scale":1.90600002,"type":"utah2_rock_flat_c"}
{"pos":[-786.190979,363.52301,255.153],"rotationMatrix":[0.458128214,-0.888849378,-0.0080820052,0.888338745,0.458146214,-0.0309238117,0.0311893523,0.00698751211,0.999489069],"scale":2.87319994,"type":"utah2_rock_flat_c"}
{"pos":[-882.367981,430.119995,252.365005],"rotationMatrix":[0.0598236322,-0.997841716,-0.0270749182,0.981328011,0.0637574196,-0.181467056,0.182801634,-0.0157133564,0.98302424],"scale":3.33470011,"type":"utah2_rock_flat_c"}
{"pos":[-882.781006,439.700012,252.421997],"rotationMatrix":[0.0842096806,-0.99644804,0,0.99644804,0.0842096806,0,0,0,1],"scale":3.15100002,"type":"utah2_rock_flat_c"}
{"pos":[-930.702026,282.528992,260.415009],"rotationMatrix":[-0.231744409,0.972776711,0,-0.972776711,-0.231744409,0,0,0,1],"scale":1.88610005,"type":"utah2_rock_flat_c"}
{"pos":[-928.73999,276.069,260.553986],"rotationMatrix":[-0.375482559,0.926829457,0,-0.926829457,-0.375482559,0,0,0,1],"scale":1.24329996,"type":"utah2_rock_flat_c"}
{"pos":[-934.031982,315.175995,260.082001],"rotationMatrix":[-0.0424903631,0.996959448,-0.0653182194,-0.999092937,-0.0425827503,-2.22361668e-05,-0.00280359783,0.0652580261,0.997864485],"scale":1.53240001,"type":"utah2_rock_flat_c"}
{"pos":[-933.994995,306.302002,260.092987],"rotationMatrix":[0.00226271152,-0.999997437,0,0.999997437,0.00226271152,0,0,0,1],"scale":2.10299993,"type":"utah2_rock_flat_c"}
{"pos":[-910.708008,228.848999,256.622009],"rotationMatrix":[0.173144817,-0.984896362,0,0.984896362,0.173144817,0,0,0,1],"scale":1.7766,"type":"utah2_rock_flat_c"}
{"pos":[-899.434998,178.682999,245.182999],"rotationMatrix":[0.105918527,0.994374812,0,-0.994374812,0.105918527,0,0,0,1],"scale":2.27579999,"type":"utah2_rock_flat_c"}
{"pos":[-907.020996,127.719002,247.063004],"rotationMatrix":[-0.0695350766,0.997579515,0,-0.997579515,-0.0695350766,0,0,0,1],"scale":1.81789994,"type":"utah2_rock_flat_c"}
{"pos":[-915.341003,241.781998,258.007996],"rotationMatrix":[-0.128908813,0.991047919,0.0347353667,-0.99141103,-0.1295771,0.0177196581,0.0220619384,-0.0321528055,0.999239445],"scale":2.24740005,"type":"utah2_rock_flat_c"}
{"pos":[916.116028,-48.0691986,201.828003],"rotationMatrix":[-0.260204494,0.965553522,0,-0.965553522,-0.260204494,0,0,0,1],"scale":1.56830001,"type":"utah2_rock_flat_c"}
{"pos":[916.163025,-39.0764008,201.798996],"rotationMatrix":[-0.448595822,-0.893734753,0,0.893734753,-0.448595822,0,0,0,1],"scale":1.91349995,"type":"utah2_rock_flat_c"}
{"pos":[918.458008,-53.2499008,201.669998],"rotationMatrix":[0.40444231,-0.914563537,0,0.914563537,0.40444231,0,0,0,1],"scale":1.92910004,"type":"utah2_rock_flat_c"}
{"pos":[909.903015,-21.7315006,198.093994],"rotationMatrix":[-0.135316432,-0.990802407,0,0.990802407,-0.135316432,0,0,0,1],"scale":1.78600001,"type":"utah2_rock_flat_c"}
{"pos":[909.359009,-11.6187,197.764008],"rotationMatrix":[0.0513207912,0.998682201,0,-0.998682201,0.0513207912,0,0,0,1],"scale":1.95589995,"type":"utah2_rock_flat_c"}
{"pos":[901.752014,-303.75,173.970993],"rotationMatrix":[-0.125982642,0.984104276,0.125168264,-0.991903782,-0.12699151,8.1732338e-05,0.0159757398,-0.124144576,0.992135525],"scale":1.66700006,"type":"utah2_rock_flat_c"}
{"pos":[902.075989,-298.928986,174.453995],"rotationMatrix":[0.0812468529,-0.996694028,0,0.996694028,0.0812468529,0,0,0,1],"scale":1,"type":"utah2_rock_flat_c"}
{"pos":[899.797119,-287.311768,175.436493],"rotationMatrix":[0.174156547,-0.978565514,-0.109904781,0.984412849,0.175793171,-0.00530636217,0.0245131329,-0.107267544,0.993927956],"scale":1.4267,"type":"utah2_rock_flat_c"}
{"pos":[900.143005,-321.527008,173.194],"rotationMatrix":[-0.261646092,-0.963108122,-0.0629610345,0.957877576,-0.267118275,0.105443932,-0.118371949,-0.0327199697,0.992430091],"scale":2.54189992,"type":"utah2_rock_flat_c"}
{"pos":[901.833984,-314.118988,173.526993],"rotationMatrix":[-0.114222348,0.993455231,0,-0.993455231,-0.114222348,0,0,0,1],"scale":2.3032999,"type":"utah2_rock_flat_c"}
{"pos":[564.033997,-56.8922005,136.774002],"rotationMatrix":[-0.964735925,-0.26170513,-0.0281961225,0.260796994,-0.964856744,0.0321929529,-0.0356302783,0.0237042326,0.999083877],"scale":1.78830004,"type":"utah2_rock_flat_c"}
{"pos":[607.797974,-63.2734985,134.759003],"rotationMatrix":[0.55933857,0.828939319,0,-0.828939319,0.55933857,0,0,0,1],"scale":1,"type":"utah2_rock_flat_c"}
{"pos":[606.031982,-64.2870026,136.050995],"rotationMatrix":[0.525280714,0.850841582,0.0121978289,0.849044919,-0.525017202,0.0589883588,0.0565938205,-0.0206289422,-0.998184144],"scale":1,"type":"utah2_rock_flat_c"}
{"pos":[606.531006,-66.8102036,134.753998],"rotationMatrix":[-0.301427543,-0.953405321,0.0126385251,-0.953465402,0.301486969,0.00304947677,-0.00671773823,-0.0111312009,-0.999915481],"scale":1,"type":"utah2_rock_flat_c"}
{"pos":[606.103027,-71.0215988,133.830994],"rotationMatrix":[-0.200151443,-0.979742646,-0.00661394,-0.979397058,0.200256705,-0.0260509644,0.0268477276,0.00126353535,-0.999638736],"scale":1,"type":"utah2_rock_flat_c"}
{"pos":[559.846008,-56.4094009,136.994995],"rotationMatrix":[0.955463648,0.295108825,-5.80983651e-05,-0.293276101,0.949507952,-0.111462027,-0.0328382626,0.106514953,0.993768692],"scale":2.7256,"type":"utah2_rock_flat_c"}
{"pos":[613.377014,-167.751999,134.223999],"rotationMatrix":[0.999985456,-0.00538899237,0.000213575011,0.00538899237,0.99684906,-0.0791385472,0.000213575011,0.0791385472,0.996863604],"scale":1.75950003,"type":"utah2_rock_flat_c"}
{"pos":[738.880981,-289.338013,135.738007],"rotationMatrix":[-0.905744493,0.423824161,0,-0.423824161,-0.905744493,0,0,0,1],"scale":1.93879998,"type":"utah2_rock_flat_c"}
{"pos":[592.190002,-430.317993,140.819],"rotationMatrix":[0.959762096,-0.276810795,0.0472492948,0.277119517,0.960835457,1.76178091e-05,-0.0454036742,0.0130767934,0.998883128],"scale":3.21210003,"type":"utah2_rock_flat_c"}
{"pos":[582.117004,-434.286987,140.315002],"rotationMatrix":[-0.605709076,-0.795686185,0,0.795686185,-0.605709076,0,0,0,1],"scale":3.34229994,"type":"utah2_rock_flat_c"}
{"pos":[580.565979,-459.710999,141.591003],"rotationMatrix":[0.768833637,0.63782984,0.0454744361,-0.638488889,0.769631028,-4.16859766e-05,-0.0350251272,-0.0290028751,0.998965502],"scale":2.67440009,"type":"utah2_rock_flat_c"}
{"pos":[587.271973,-448.946991,141.363007],"rotationMatrix":[0.780074835,0.625080705,0.0275197662,-0.625424147,0.777720571,0.0632088631,0.0181079507,-0.066519171,0.997620821],"scale":2.98440003,"type":"utah2_rock_flat_c"}
{"pos":[572.757019,-423.415009,138.959],"rotationMatrix":[-0.564945579,-0.825128138,-1.17991285e-05,0.776080787,-0.531359136,-0.339641154,0.280241221,-0.19188793,0.940555096],"scale":3.20589995,"type":"utah2_rock_flat_c"}
{"pos":[605.40802,-389.328003,138.358994],"rotationMatrix":[0.565498948,0.823550522,-0.0444465727,-0.82436204,0.566062927,0.000124975704,0.0252624806,0.0365693942,0.999011755],"scale":2.29979992,"type":"utah2_rock_flat_c"}
{"pos":[692.637024,-557.080994,138.656006],"rotationMatrix":[-0.551274121,-0.834182978,0.0153488638,-0.833702445,0.551480174,0.0284577385,-0.0322035551,0.002891629,-0.999477148],"scale":1.21619999,"type":"utah2_rock_flat_c"}
{"pos":[652.047791,-607.285645,142.115372],"rotationMatrix":[0.829556346,0.544626713,-0.123361275,-0.553614557,0.773166835,-0.309393197,-0.0731249601,0.324953675,0.94289875],"scale":1,"type":"utah2_rock_flat_c"}
