{"pos":[-8.22710037,-43.5103989,154.386002],"rotationMatrix":[0.796227574,-0.604997218,0,0.604997218,0.796227574,0,0,0,1],"scale":1.20000005,"type":"utah2_rock_big_2_b"}
{"pos":[-18.4426003,-38.2598,154.621002],"rotationMatrix":[0.941930532,-0.3358078,0,0.3358078,0.941930532,0,0,0,1],"scale":1.20000005,"type":"utah2_rock_big_2_b"}
{"pos":[-24.9027004,-46.2169991,153.072006],"rotationMatrix":[0.954335928,0.298735559,0,-0.298735559,0.954335928,0,0,0,1],"scale":1.20000005,"type":"utah2_rock_big_2_b"}
{"pos":[-34.8400002,-51.324501,153.518005],"rotationMatrix":[0.874401569,0.485202938,0,-0.485202938,0.874401569,0,0,0,1],"scale":1.20000005,"type":"utah2_rock_big_2_b"}
{"pos":[-44.733799,-55.4534988,158.399002],"rotationMatrix":[0.99950707,0.0313945524,0,-0.0313945524,0.99950707,0,0,0,1],"scale":0.879599988,"type":"utah2_rock_big_2_b"}
{"pos":[-54.2145996,-59.2552986,154.272003],"rotationMatrix":[0.823697925,0.56702888,0,-0.56702888,0.823697925,0,0,0,1],"scale":1.20000005,"type":"utah2_rock_big_2_b"}
{"pos":[-65.8209,-57.2750015,154.257004],"rotationMatrix":[0.638549566,-0.769580722,0,0.769580722,0.638549566,0,0,0,1],"scale":1.20000005,"type":"utah2_rock_big_2_b"}
{"pos":[-75.2017975,-50.6257019,155.046005],"rotationMatrix":[0.89612627,-0.443799168,0,0.443799168,0.89612627,0,0,0,1],"scale":1.20000005,"type":"utah2_rock_big_2_b"}
{"pos":[-84.3669968,-45.8202019,159.656998],"rotationMatrix":[0.864797831,-0.502120197,0,0.502120197,0.864797831,0,0,0,1],"scale":0.866599977,"type":"utah2_rock_big_2_b"}
{"pos":[-94.0969009,-39.8223991,155.404999],"rotationMatrix":[0.83157897,-0.555406511,0,0.555406511,0.83157897,0,0,0,1],"scale":1.20000005,"type":"utah2_rock_big_2_b"}
{"pos":[-101.227997,-33.480999,163.936005],"rotationMatrix":[0.531171799,-0.847264111,-3.1651598e-05,0.842075229,0.527922869,-0.110484131,0.0936259553,0.0586594008,0.993877888],"scale":0.6347,"type":"utah2_rock_big_2_b"}
{"pos":[-107.061996,-29.6315994,160.097],"rotationMatrix":[0.987895012,-0.155123964,0,0.155123964,0.987895012,0,0,0,1],"scale":0.917699993,"type":"utah2_rock_big_2_b"}
{"pos":[-116.234001,-25.2178001,156.065002],"rotationMatrix":[0.775023937,-0.631931901,0,0.631931901,0.775023937,0,0,0,1],"scale":1.20000005,"type":"utah2_rock_big_2_b"}
{"pos":[-69.2203979,-152.007004,138.514008],"rotationMatrix":[-0.137116373,-0.98968643,-0.0414717346,0.048523847,0.0351059437,-0.998204887,0.989365697,-0.138882607,0.0432097912],"scale":1.20000005,"type":"utah2_rock_big_2_b"}
{"pos":[-102.219002,-202.848999,137.679993],"rotationMatrix":[0.728843451,-0.684449971,-0.0177608654,-0.0492791981,-0.0265670419,-0.998431623,0.682904661,0.728575587,-0.0530923605],"scale":2.3039999,"type":"utah2_rock_big_2_b"}
{"pos":[-108.160004,-209.703003,137.673004],"rotationMatrix":[-0.743659556,0.664063334,0.0773972049,0.0123132272,0.129351974,-0.991522312,-0.66844511,-0.736402035,-0.104370594],"scale":2.09139991,"type":"utah2_rock_big_2_b"}
{"pos":[-128.639999,-11.1724005,157.919006],"rotationMatrix":[0.839128971,-0.543932498,0,0.543932498,0.839128971,0,0,0,1],"scale":1.11240005,"type":"utah2_rock_big_2_b"}
{"pos":[-136.179001,-3.36759996,158.022003],"rotationMatrix":[0.640472651,-0.767980993,0,0.767980993,0.640472651,0,0,0,1],"scale":1.14909995,"type":"utah2_rock_big_2_b"}
{"pos":[-169.781998,-9.38449955,156.126007],"rotationMatrix":[0.354047418,0.935227454,0,-0.935227454,0.354047418,0,0,0,1],"scale":1.20000005,"type":"utah2_rock_big_2_b"}
{"pos":[-164.022995,-30.8694,155.244995],"rotationMatrix":[-0.629486084,0.777011752,0,-0.777011752,-0.629486084,0,0,0,1],"scale":1.20000005,"type":"utah2_rock_big_2_b"}
{"pos":[-162.179993,-47.1212997,155.056],"rotationMatrix":[-0.0422754884,0.99910599,0,-0.99910599,-0.0422754884,0,0,0,1],"scale":1.20000005,"type":"utah2_rock_big_2_b"}
{"pos":[-162.824005,-60.1366997,155.022995],"rotationMatrix":[-0.0544266701,0.998517752,0,-0.998517752,-0.0544266701,0,0,0,1],"scale":1.20000005,"type":"utah2_rock_big_2_b"}
{"pos":[-167.639999,-20.1289005,147.529999],"rotationMatrix":[-0.205380082,0.97868228,0,-0.97868228,-0.205380082,0,0,0,1],"scale":1.78349996,"type":"utah2_rock_big_2_b"}
{"pos":[-164.878998,-71.846199,155.167007],"rotationMatrix":[0.492741704,0.8701756,0,-0.8701756,0.492741704,0,0,0,1],"scale":1.20000005,"type":"utah2_rock_big_2_b"}
{"pos":[-171.237,-86.4742966,163.175995],"rotationMatrix":[0.902228713,0.431257874,3.92704787e-05,-0.41887629,0.876347065,-0.237820238,-0.102596261,0.214551792,0.971309185],"scale":0.737699986,"type":"utah2_rock_big_2_b"}
{"pos":[-181.429001,-86.6070023,155.757996],"rotationMatrix":[0.990312099,-0.138859451,0,0.138859451,0.990312099,0,0,0,1],"scale":1.20000005,"type":"utah2_rock_big_2_b"}
{"pos":[-189.794006,-89.3022995,160.244995],"rotationMatrix":[0.821431756,0.570306838,0,-0.570306838,0.821431756,0,0,0,1],"scale":0.860099971,"type":"utah2_rock_big_2_b"}
{"pos":[-196.005997,-96.8990021,154.671005],"rotationMatrix":[0.638205528,0.769866049,0,-0.769866049,0.638205528,0,0,0,1],"scale":1.20000005,"type":"utah2_rock_big_2_b"}
{"pos":[-210.901001,-108.387001,154.210007],"rotationMatrix":[0.881208897,0.47272706,0,-0.47272706,0.881208897,0,0,0,1],"scale":1.20000005,"type":"utah2_rock_big_2_b"}
{"pos":[-219.613007,-116.484001,153.828003],"rotationMatrix":[0.597851157,0.801607132,0,-0.801607132,0.597851157,0,0,0,1],"scale":1.20000005,"type":"utah2_rock_big_2_b"}
{"pos":[-226.882004,-126.852997,153.319],"rotationMatrix":[0.501373768,0.865230799,0,-0.865230799,0.501373768,0,0,0,1],"scale":1.20000005,"type":"utah2_rock_big_2_b"}
{"pos":[-234.761993,-136.699997,154.582001],"rotationMatrix":[0.73586452,0.677128792,0,-0.677128792,0.73586452,0,0,0,1],"scale":1.20000005,"type":"utah2_rock_big_2_b"}
{"pos":[-240.113007,-146.973007,153.681],"rotationMatrix":[0.263370275,0.964694798,0,-0.964694798,0.263370275,0,0,0,1],"scale":1.20000005,"type":"utah2_rock_big_2_b"}
{"pos":[-242.182999,-158.996994,153.671997],"rotationMatrix":[-0.000282824039,0.99999994,0,-0.99999994,-0.000282824039,0,0,0,1],"scale":1.20000005,"type":"utah2_rock_big_2_b"}
{"pos":[-238.744995,-172.466995,154.615005],"rotationMatrix":[-0.785507321,0.618852377,0,-0.618852377,-0.785507321,0,0,0,1],"scale":1.09660006,"type":"utah2_rock_big_2_b"}
{"pos":[-242.205994,-181.214005,153.464005],"rotationMatrix":[0.979718328,0.20037964,0,-0.20037964,0.979718328,0,0,0,1],"scale":1.20000005,"type":"utah2_rock_big_2_b"}
{"pos":[-53.1376991,-311.673004,137.423996],"rotationMatrix":[0.57949841,0.801626325,0.146890596,0.112448134,0.0998674631,-0.988626301,-0.807178438,0.589424908,-0.0322683454],"scale":1.20000005,"type":"utah2_rock_big_2_b"}
{"pos":[-177.755997,-262.302002,135.427994],"rotationMatrix":[0.728959322,-0.684164882,-0.0231671464,-0.00286597526,0.0307921171,-0.999521673,0.684551001,0.728677034,0.0204854012],"scale":2.3039999,"type":"utah2_rock_big_2_b"}
{"pos":[-183.697006,-266.946014,135.626007],"rotationMatrix":[-0.743630171,0.667816639,0.0321724825,0.0123774363,0.0618622303,-0.998007953,-0.668476582,-0.741750598,-0.0542684793],"scale":2.09139991,"type":"utah2_rock_big_2_b"}
{"pos":[-254.753998,-181.259995,153.380997],"rotationMatrix":[0.996110201,-0.0881162137,0,0.0881162137,0.996110201,0,0,0,1],"scale":1.20000005,"type":"utah2_rock_big_2_b"}
{"pos":[-267.309998,-183.153,153.457993],"rotationMatrix":[0.999999762,0.000690533896,0,-0.000690533896,0.999999762,0,0,0,1],"scale":1.20000005,"type":"utah2_rock_big_2_b"}
{"pos":[-279.872009,-182.190002,153.335007],"rotationMatrix":[0.997674227,0.0681625828,0,-0.0681625828,0.997674227,0,0,0,1],"scale":1.20000005,"type":"utah2_rock_big_2_b"}
{"pos":[-292.212006,-185.498993,153.404999],"rotationMatrix":[0.96381855,0.266559184,0,-0.266559184,0.96381855,0,0,0,1],"scale":1.20000005,"type":"utah2_rock_big_2_b"}
{"pos":[-304.246002,-184.087006,154.018005],"rotationMatrix":[0.851932049,-0.523652375,0,0.523652375,0.851932049,0,0,0,1],"scale":1.20000005,"type":"utah2_rock_big_2_b"}
{"pos":[-314.384003,-180.598007,154.529007],"rotationMatrix":[0.969644547,-0.244518816,0,0.244518816,0.969644547,0,0,0,1],"scale":1.20000005,"type":"utah2_rock_big_2_b"}
{"pos":[-330.704987,-179.503998,157.792999],"rotationMatrix":[0.989861965,-0.142032713,0,0.142032713,0.989861965,0,0,0,1],"scale":0.967400014,"type":"utah2_rock_big_2_b"}
{"pos":[-340.88501,-178.604004,154.220001],"rotationMatrix":[0.998729944,0.0503835157,0,-0.0503835157,0.998729944,0,0,0,1],"scale":1.20000005,"type":"utah2_rock_big_2_b"}
{"pos":[-347.644012,-182.048996,154.345001],"rotationMatrix":[0.273965597,0.96173948,0,-0.96173948,0.273965597,0,0,0,1],"scale":1.20000005,"type":"utah2_rock_big_2_b"}
{"pos":[-359.885986,-186.792999,155.330994],"rotationMatrix":[0.970527411,-0.159055427,-0.181046724,0.161737531,0.986833811,5.21168004e-05,0.178654745,-0.0293326303,0.983474493],"scale":1.20000005,"type":"utah2_rock_big_2_b"}
{"pos":[-368.479004,-188.251007,155.658005],"rotationMatrix":[0.891229391,0.453552842,0,-0.453552842,0.891229391,0,0,0,1],"scale":1.20000005,"type":"utah2_rock_big_2_b"}
{"pos":[-373.584991,-197.537994,154.119003],"rotationMatrix":[0.236603975,0.971606195,0,-0.971606195,0.236603975,0,0,0,1],"scale":1.20000005,"type":"utah2_rock_big_2_b"}
{"pos":[-494.371002,-113.874001,218.354996],"rotationMatrix":[0.967434883,-0.253120035,0,0.253120035,0.967434883,0,0,0,1],"scale":1.20000005,"type":"utah2_rock_big_2_b"}
{"pos":[-483.265015,-115.691002,219.690002],"rotationMatrix":[0.985482931,-0.169774532,0,0.169774532,0.985482931,0,0,0,1],"scale":1.08319998,"type":"utah2_rock_big_2_b"}
{"pos":[-472.783997,-117.940002,217.968002],"rotationMatrix":[0.973455667,-0.228875652,0,0.228875652,0.973455667,0,0,0,1],"scale":1.20000005,"type":"utah2_rock_big_2_b"}
{"pos":[-455.311005,-114.796997,219.052002],"rotationMatrix":[0.935121775,0.354326487,0,-0.354326487,0.935121775,0,0,0,1],"scale":1.20000005,"type":"utah2_rock_big_2_b"}
{"pos":[-444.644989,-108.051003,218.944],"rotationMatrix":[0.839368343,0.543563068,0,-0.543563068,0.839368343,0,0,0,1],"scale":1.20000005,"type":"utah2_rock_big_2_b"}
{"pos":[-427.519012,-100.431,215.417999],"rotationMatrix":[0.905726075,0.4238635,0,-0.4238635,0.905726075,0,0,0,1],"scale":1.43610001,"type":"utah2_rock_big_2_b"}
{"pos":[-418.800385,-89.4662552,219.264984],"rotationMatrix":[0.707226872,0.706986666,0,-0.689348578,0.689582944,0.22197634,0.156934291,-0.156987667,0.975051999],"scale":1.20000005,"type":"utah2_rock_big_2_b"}
{"pos":[-417.410126,-81.0872498,219.239227],"rotationMatrix":[-0.49336791,0.869820714,0,-0.864539325,-0.49037227,0.110029116,0.0957055986,0.0542848334,0.993928313],"scale":1.20000005,"type":"utah2_rock_big_2_b"}
{"pos":[-423.746002,-69.8244019,219.388],"rotationMatrix":[-0.706018448,0.708193421,0,-0.708193421,-0.706018448,0,0,0,1],"scale":1.20000005,"type":"utah2_rock_big_2_b"}
{"pos":[-429.985992,-61.324501,224.257996],"rotationMatrix":[-0.530526698,0.847668231,0,-0.847668231,-0.530526698,0,0,0,1],"scale":0.851199985,"type":"utah2_rock_big_2_b"}
{"pos":[-435.283997,-54.2349014,224.602005],"rotationMatrix":[-0.474457622,0.880278349,0,-0.880278349,-0.474457622,0,0,0,1],"scale":0.843999982,"type":"utah2_rock_big_2_b"}
{"pos":[-435.066986,-38.8816986,223.720993],"rotationMatrix":[0.668549061,0.74366802,0,-0.74366802,0.668549061,0,0,0,1],"scale":0.815699995,"type":"utah2_rock_big_2_b"}
{"pos":[-428.324005,-33.6688995,222.507004],"rotationMatrix":[0.883923054,0.467632383,0,-0.467632383,0.883923054,0,0,0,1],"scale":0.924899995,"type":"utah2_rock_big_2_b"}
{"pos":[-422.562012,-24.8554993,219.197998],"rotationMatrix":[-0.0882222056,0.996100843,-8.11624632e-05,-0.993015528,-0.0879553556,-0.0786386728,-0.0783391818,-0.00685708178,0.996903181],"scale":1.20000005,"type":"utah2_rock_big_2_b"}
{"pos":[-423.825012,-12.3572998,219.755997],"rotationMatrix":[-0.0605950356,0.998162448,3.16077385e-05,-0.992021799,-0.0602187514,-0.110754035,-0.110548615,-0.00674250023,0.993847847],"scale":1.20000005,"type":"utah2_rock_big_2_b"}
{"pos":[-388.145996,-208.852005,154.233994],"rotationMatrix":[0.815264344,-0.579088986,8.39324275e-05,0.57739538,0.812868953,-0.0765416846,0.0442562215,0.0624501705,0.997066379],"scale":1.20000005,"type":"utah2_rock_big_2_b"}
{"pos":[-396.112,-202.977997,153.897995],"rotationMatrix":[0.982960343,-0.183817744,0,0.183817744,0.982960343,0,0,0,1],"scale":1.20000005,"type":"utah2_rock_big_2_b"}
{"pos":[-406.346985,-202.951004,154.039993],"rotationMatrix":[0.868308306,0.496024877,0,-0.496024877,0.868308306,0,0,0,1],"scale":1.20000005,"type":"utah2_rock_big_2_b"}
{"pos":[-416.067993,-207.227997,154.082001],"rotationMatrix":[0.94395566,0.330072284,0,-0.330072284,0.94395566,0,0,0,1],"scale":1.20000005,"type":"utah2_rock_big_2_b"}
{"pos":[-425.187012,-212.470993,155.824005],"rotationMatrix":[0.863455772,0.504424572,0,-0.504424572,0.863455772,0,0,0,1],"scale":1.03610003,"type":"utah2_rock_big_2_b"}
{"pos":[-436.205994,-214.231003,153.296997],"rotationMatrix":[1,0,0,0,1,0,0,0,1],"scale":1.20000005,"type":"utah2_rock_big_2_b"}
{"pos":[-422.174011,-248.309998,151.912003],"rotationMatrix":[-0.751064897,0.660228372,0,-0.660228372,-0.751064897,0,0,0,1],"scale":1.20000005,"type":"utah2_rock_big_2_b"}
{"pos":[-435.847992,-243.447006,152.078003],"rotationMatrix":[-0.999525726,0.0307948589,0,-0.0307948589,-0.999525726,0,0,0,1],"scale":1.20000005,"type":"utah2_rock_big_2_b"}
{"pos":[-445.869995,-215.177002,159.518997],"rotationMatrix":[0.998476505,-0.0551785156,0,0.0551785156,0.998476505,0,0,0,1],"scale":0.816200018,"type":"utah2_rock_big_2_b"}
{"pos":[-455.444,-215.313004,157.410004],"rotationMatrix":[0.999937296,0.0111984033,0,-0.0111984033,0.999937296,0,0,0,1],"scale":0.980599999,"type":"utah2_rock_big_2_b"}
{"pos":[-467.095001,-215.294006,155.324005],"rotationMatrix":[0.996794224,0.0341298841,-0.0723631606,-0.0342164785,0.999414444,4.29943284e-05,0.0723222494,0.0024331559,0.997378349],"scale":1.20000005,"type":"utah2_rock_big_2_b"}
{"pos":[-486.359009,-207.501007,158.341995],"rotationMatrix":[0.661452532,-0.707665086,-0.248375997,0.730577886,0.68282938,0.000112945039,0.169518501,-0.181532711,0.968663692],"scale":1.20000005,"type":"utah2_rock_big_2_b"}
{"pos":[-446.597992,-243.143997,151.942993],"rotationMatrix":[-0.817953229,-0.575284719,0,0.575284719,-0.817953229,0,0,0,1],"scale":1.20000005,"type":"utah2_rock_big_2_b"}
{"pos":[-459.065002,-244.718994,153.031006],"rotationMatrix":[-0.986845434,-0.161666602,0,0.161666602,-0.986845434,0,0,0,1],"scale":1.20000005,"type":"utah2_rock_big_2_b"}
{"pos":[-468.423004,-245.639008,159.955994],"rotationMatrix":[-0.999223828,-0.0393921435,0,0.0393921435,-0.999223828,0,0,0,1],"scale":0.766700029,"type":"utah2_rock_big_2_b"}
{"pos":[-476.72699,-244.102997,154.606003],"rotationMatrix":[-0.954757452,0.297385633,0,-0.297385633,-0.954757452,0,0,0,1],"scale":1.15919995,"type":"utah2_rock_big_2_b"}
{"pos":[-495.886993,-235.856995,158.020004],"rotationMatrix":[-0.806441963,0.591313243,0,-0.591313243,-0.806441963,0,0,0,1],"scale":0.9005,"type":"utah2_rock_big_2_b"}
{"pos":[-362.38501,-303.095001,151.009995],"rotationMatrix":[0.282208681,0.957005739,0.0670688152,-0.959277987,0.282370806,0.00724746054,-0.0120024132,-0.0663829297,0.99772203],"scale":1.20000005,"type":"utah2_rock_big_2_b"}
{"pos":[-361.372009,-292.574005,155.595993],"rotationMatrix":[-0.321717322,0.946835756,-6.04261004e-05,-0.93732053,-0.318493247,-0.141394004,-0.133896142,-0.0454322621,0.989953399],"scale":0.837199986,"type":"utah2_rock_big_2_b"}
{"pos":[-368.833008,-285.558014,150.436005],"rotationMatrix":[-0.737496257,0.675351202,0,-0.675351202,-0.737496257,0,0,0,1],"scale":1.20000005,"type":"utah2_rock_big_2_b"}
{"pos":[-364.404999,-324.937988,150.511002],"rotationMatrix":[-0.189764619,0.981829584,0,-0.981829584,-0.189764619,0,0,0,1],"scale":1.20000005,"type":"utah2_rock_big_2_b"}
{"pos":[-373.257996,-333.376007,147.809006],"rotationMatrix":[0.997765064,0.0631814972,-0.0217479877,-0.0631513819,0.998001814,0.00206931587,0.0218352731,-0.000691275578,0.999761343],"scale":1.37,"type":"utah2_rock_big_2_b"}
{"pos":[-378.191986,-277.542999,151.184998],"rotationMatrix":[-0.757672131,0.652635396,0,-0.652635396,-0.757672131,0,0,0,1],"scale":1.20000005,"type":"utah2_rock_big_2_b"}
{"pos":[-386.436005,-268.890991,151.716003],"rotationMatrix":[-0.720147669,0.693820834,4.22305493e-05,-0.686691761,-0.712739408,-0.143027768,-0.0992055386,-0.103030108,0.989718676],"scale":1.20000005,"type":"utah2_rock_big_2_b"}
{"pos":[-402.531006,-262.593994,151.837006],"rotationMatrix":[-0.938605964,0.344991088,0,-0.344991088,-0.938605964,0,0,0,1],"scale":1.20000005,"type":"utah2_rock_big_2_b"}
{"pos":[-412.5,-256.472992,151.985001],"rotationMatrix":[-0.69236964,0.721543014,0,-0.721543014,-0.69236964,0,0,0,1],"scale":1.20000005,"type":"utah2_rock_big_2_b"}
{"pos":[-388.61499,-335.321991,153.141998],"rotationMatrix":[0.932337403,-0.361589491,-4.36650007e-05,0.357406199,0.921569347,-0.151561007,0.0548431091,0.141290382,0.988447905],"scale":0.977999985,"type":"utah2_rock_big_2_b"}
{"pos":[-396.855988,-331.931,149.962006],"rotationMatrix":[0.992926598,-0.11659696,-0.0224035792,0.116977908,0.992997169,0.0165163539,0.0203209333,-0.0190202501,0.99961257],"scale":1.19739997,"type":"utah2_rock_big_2_b"}
{"pos":[-406.865997,-333.105011,147.253006],"rotationMatrix":[0.960968256,0.276658654,0,-0.276658654,0.960968256,0,0,0,1],"scale":1.40419996,"type":"utah2_rock_big_2_b"}
{"pos":[-437.048004,-331.638,151.042007],"rotationMatrix":[0.873788595,0.486305952,0,-0.486305952,0.873788595,0,0,0,1],"scale":1.20000005,"type":"utah2_rock_big_2_b"}
{"pos":[-430.082001,-328.670013,150.858002],"rotationMatrix":[0.999165416,0.0253978912,-0.031990923,-0.025386842,0.99967742,0.000751582789,0.0319996923,6.11929354e-05,0.999487877],"scale":1.20000005,"type":"utah2_rock_big_2_b"}
{"pos":[-422.686005,-329.401001,149.197006],"rotationMatrix":[0.691955566,-0.720737875,-0.0416460074,0.7219401,0.690795898,0.0400442407,-9.2510134e-05,-0.0577747561,0.998329639],"scale":1.28260005,"type":"utah2_rock_big_2_b"}
{"pos":[-490.872986,-364.112,146.806],"rotationMatrix":[0.895464301,0.445133328,4.20570395e-05,-0.444227904,0.893648863,-0.0636654571,-0.0283771995,0.0569914579,0.997971296],"scale":1.50800002,"type":"utah2_rock_big_2_b"}
{"pos":[-484.532013,-353.122009,153.699997],"rotationMatrix":[-0.110105515,0.993858814,-0.0110209407,-0.991493583,-0.110604286,-0.0686083809,-0.0694060028,0.00337303174,0.997582793],"scale":1.01339996,"type":"utah2_rock_big_2_b"}
{"pos":[-487.209991,-342.958008,154.354996],"rotationMatrix":[-0.382616878,0.923907101,1.3350601e-05,-0.922030747,-0.381838918,-0.0637046918,-0.0588521212,-0.0243868008,0.997968793],"scale":0.993499994,"type":"utah2_rock_big_2_b"}
{"pos":[-484.470001,-339.722992,159.919006],"rotationMatrix":[0.812469006,0.583004355,-0.000115402305,-0.568517923,0.792236924,-0.22169359,-0.129156902,0.180184782,0.975116372],"scale":0.636699975,"type":"utah2_rock_big_2_b"}
{"pos":[-476.769989,-337.143005,151.953995],"rotationMatrix":[0.975317001,0.220809296,1.24319286e-05,-0.218521476,0.965219736,-0.143524304,-0.0317035019,0.139978975,0.989646792],"scale":1.20000005,"type":"utah2_rock_big_2_b"}
{"pos":[-469.709015,-336.286987,157.449997],"rotationMatrix":[0.879702091,-0.47552523,-1.33687881e-05,0.46730864,0.86450696,-0.185068518,0.0880163014,0.162798911,0.98272562],"scale":0.743700027,"type":"utah2_rock_big_2_b"}
{"pos":[-459.86499,-338.773987,150.819],"rotationMatrix":[0.999972463,0.00742105115,-4.39380492e-05,-0.0073510306,0.989690423,-0.143034369,-0.00101798028,0.143030748,0.989717722],"scale":1.20000005,"type":"utah2_rock_big_2_b"}
{"pos":[-448.281006,-335.167999,151.279999],"rotationMatrix":[0.998987436,0.0449900217,0,-0.0449900217,0.998987436,0,0,0,1],"scale":1.20000005,"type":"utah2_rock_big_2_b"}
{"pos":[-401.182007,-497.181,129.591003],"rotationMatrix":[-0.715877116,0.694976926,0.0672831535,-0.0495435447,0.0455604792,-0.997732282,-0.696466386,-0.717587173,0.00181591511],"scale":1.59949994,"type":"utah2_rock_big_2_b"}
{"pos":[-59.2513008,-739.047974,106.558998],"rotationMatrix":[0.708315611,-0.703164876,-0.0620336905,0.70451951,0.70968461,-5.00533461e-05,0.0440595523,-0.0436684936,0.998074055],"scale":1.20000005,"type":"utah2_rock_big_2_b"}
{"pos":[-98.3909988,-694.85199,106.757004],"rotationMatrix":[0.693600416,-0.720359981,0,0.720359981,0.693600416,0,0,0,1],"scale":1.20000005,"type":"utah2_rock_big_2_b"}
{"pos":[-90.9225998,-704.383972,107.056],"rotationMatrix":[0.698400974,-0.715706706,-0.000119248616,0.710254312,0.693100929,-0.123085067,0.0881754607,0.0858780369,0.992396116],"scale":1.20000005,"type":"utah2_rock_big_2_b"}
{"pos":[-82.0715027,-712.452026,106.594002],"rotationMatrix":[0.715260267,-0.698785663,0.010067502,0.696525037,0.711622238,-0.0919058174,0.0570582077,0.0727488473,0.99571681],"scale":1.20000005,"type":"utah2_rock_big_2_b"}
{"pos":[-75.0286026,-721.096985,106.859001],"rotationMatrix":[0.552732944,-0.833280087,-0.0114257773,0.825978577,0.549607277,-0.125264704,0.110660277,0.0598004796,0.992057562],"scale":1.20000005,"type":"utah2_rock_big_2_b"}
{"pos":[-65.8532028,-730.559021,107.184998],"rotationMatrix":[0.706018448,-0.708193421,0,0.708193421,0.706018448,0,0,0,1],"scale":1.20000005,"type":"utah2_rock_big_2_b"}
{"pos":[-175.414993,-637.611023,110.766998],"rotationMatrix":[0.921119094,-0.389280885,0,0.389280885,0.921119094,0,0,0,1],"scale":0.805000007,"type":"utah2_rock_big_2_b"}
{"pos":[-168.921997,-641.08197,110.735001],"rotationMatrix":[0.808307767,-0.588760197,0,0.588760197,0.808307767,0,0,0,1],"scale":0.773400009,"type":"utah2_rock_big_2_b"}
{"pos":[-192.867004,-635.112,104.514],"rotationMatrix":[0.871046543,-0.484961838,-0.0780379623,0.48644346,0.873712063,-2.733154e-05,0.0681959614,-0.0379372463,0.996950388],"scale":1.20000005,"type":"utah2_rock_big_2_b"}
{"pos":[-200.733994,-629.301025,104.963997],"rotationMatrix":[0.687960863,-0.725747764,0,0.725747764,0.687960863,0,0,0,1],"scale":1.20000005,"type":"utah2_rock_big_2_b"}
{"pos":[-91.8404999,-845.205994,108.287003],"rotationMatrix":[-0.559114218,0.829090655,0,-0.829090655,-0.559114218,0,0,0,1],"scale":0.981700003,"type":"utah2_rock_big_2_b"}
{"pos":[-99.8013992,-838.564026,108.032997],"rotationMatrix":[-0.83224833,0.554403007,0,-0.554403007,-0.83224833,0,0,0,1],"scale":0.998899996,"type":"utah2_rock_big_2_b"}
{"pos":[-22.4792252,-942.039673,143.436996],"rotationMatrix":[0.992111623,-0.125355482,0,0.125355482,0.992111623,0,0,0,1],"scale":1.20000005,"type":"utah2_rock_big_2_b"}
{"pos":[-34.1083984,-936.413025,143.238998],"rotationMatrix":[-0.999315441,0.0369952694,0,-0.0369952694,-0.999315441,0,0,0,1],"scale":1.20000005,"type":"utah2_rock_big_2_b"}
{"pos":[-11.8584995,-896.057983,117.071999],"rotationMatrix":[-0.884717405,0.466127783,-7.02968464e-06,-0.464637995,-0.881890953,-0.0798741877,-0.0372377783,-0.0706628188,0.996804953],"scale":1.20000005,"type":"utah2_rock_big_2_b"}
{"pos":[-23.3066998,-891.882996,115.543999],"rotationMatrix":[-0.903283775,0.429043621,0,-0.429043621,-0.903283775,0,0,0,1],"scale":1.20000005,"type":"utah2_rock_big_2_b"}
{"pos":[-33.0382004,-886.851013,114.079002],"rotationMatrix":[-0.865993321,0.497853667,-0.0468752347,-0.49477604,-0.86666292,-0.0639691278,-0.0724722967,-0.0322040953,0.996850371],"scale":1.20000005,"type":"utah2_rock_big_2_b"}
{"pos":[-10.9172001,-892.685974,105.106003],"rotationMatrix":[-0.954757452,0.297385633,0,-0.297385633,-0.954757452,0,0,0,1],"scale":1.20000005,"type":"utah2_rock_big_2_b"}
{"pos":[-9.80980015,-938.919006,143.681],"rotationMatrix":[-0.999730885,0.0231982227,0,-0.0231982227,-0.999730885,0,0,0,1],"scale":1.20000005,"type":"utah2_rock_big_2_b"}
{"pos":[-44.9558983,-942.099976,143.223999],"rotationMatrix":[-0.686854601,-0.726794839,0,0.726794839,-0.686854601,0,0,0,1],"scale":1.20000005,"type":"utah2_rock_big_2_b"}
{"pos":[-53.2528,-942.97699,143.313004],"rotationMatrix":[-0.864603758,0.50245434,0,-0.50245434,-0.864603758,0,0,0,1],"scale":1.20000005,"type":"utah2_rock_big_2_b"}
{"pos":[-66.7491989,-943.687012,143.490005],"rotationMatrix":[-0.846622646,-0.529178798,0.0565674342,0.530027449,-0.847980499,-1.69358964e-06,0.0479689762,0.0299808569,0.998398781],"scale":1.20000005,"type":"utah2_rock_big_2_b"}
{"pos":[-75.8889999,-947.982971,144.798996],"rotationMatrix":[-0.977056921,-0.212978318,9.60133548e-05,0.208980441,-0.958803058,-0.192415878,0.0410724692,-0.187981203,0.981313467],"scale":1.20000005,"type":"utah2_rock_big_2_b"}
{"pos":[-86.0888977,-947.624023,146.701004],"rotationMatrix":[-0.882595241,0.446472526,0.147268191,-0.466564834,-0.870336592,-0.157580033,0.0578177422,-0.207789555,0.976463318],"scale":1.20000005,"type":"utah2_rock_big_2_b"}
{"pos":[-94.6015015,-945.73999,152.729996],"rotationMatrix":[-0.953247249,0.302191466,2.56722396e-05,-0.297543824,-0.938571632,-0.174788356,-0.0527954549,-0.166624159,0.984606028],"scale":0.846199989,"type":"utah2_rock_big_2_b"}
{"pos":[-105.079536,-944.827332,146.876038],"rotationMatrix":[0.946392715,-0.322773933,0.0125285257,0.316891253,0.935264349,0.157669485,-0.062609151,-0.145247176,0.987412453],"scale":1.20000005,"type":"utah2_rock_big_2_b"}
{"pos":[-116.859001,-945.893982,146.75],"rotationMatrix":[-0.575345278,-0.817910612,7.12941619e-05,0.811573923,-0.570898652,-0.124187335,0.10161484,-0.0713927373,0.992258787],"scale":1.20000005,"type":"utah2_rock_big_2_b"}
{"pos":[-123.996002,-954.788025,147.807007],"rotationMatrix":[-0.749023795,-0.662543118,-6.54573232e-05,0.652514517,-0.737669051,-0.173404738,0.114839822,-0.12992698,0.984850645],"scale":1.20000005,"type":"utah2_rock_big_2_b"}
{"pos":[-188.289993,-764.453979,104.802002],"rotationMatrix":[-0.776873589,0.629656613,4.13803391e-05,-0.618234515,-0.762768507,-0.189658344,-0.119388059,-0.147366136,0.981850147],"scale":1.20000005,"type":"utah2_rock_big_2_b"}
{"pos":[-199.826996,-759.775024,104.245003],"rotationMatrix":[-0.890833318,0.454330266,-7.8199635e-05,-0.454117358,-0.890421093,-0.0304582287,-0.0139077259,-0.0270976946,0.999536037],"scale":1.20000005,"type":"utah2_rock_big_2_b"}
{"pos":[-130.451004,-963.213013,152.830002],"rotationMatrix":[-0.658707619,-0.752186239,0.0178928617,0.745534718,-0.655718505,-0.11921078,0.101401389,-0.065185301,0.992707729],"scale":0.813899994,"type":"utah2_rock_big_2_b"}
{"pos":[-132.848999,-971.502991,151.330994],"rotationMatrix":[-0.158876717,-0.987298429,0,0.987298429,-0.158876717,0,0,0,1],"scale":0.75880003,"type":"utah2_rock_big_2_b"}
{"pos":[-134.636002,-979.27301,147.643997],"rotationMatrix":[-0.313460886,-0.949601114,0,0.949601114,-0.313460886,0,0,0,1],"scale":0.998399973,"type":"utah2_rock_big_2_b"}
{"pos":[-137.955994,-985.091003,153.567001],"rotationMatrix":[-0.855166972,-0.518352628,0,0.518352628,-0.855166972,0,0,0,1],"scale":0.585399985,"type":"utah2_rock_big_2_b"}
{"pos":[-145.334,-988.864014,144.341003],"rotationMatrix":[-0.979152262,-0.203127667,0,0.203127667,-0.979152262,0,0,0,1],"scale":1.20000005,"type":"utah2_rock_big_2_b"}
{"pos":[-153.171997,-990.36499,154.529999],"rotationMatrix":[-0.899565041,-0.43678683,0,0.43678683,-0.899565041,0,0,0,1],"scale":0.530499995,"type":"utah2_rock_big_2_b"}
{"pos":[-158.837006,-993.088013,150.089005],"rotationMatrix":[-0.885370612,-0.46488589,0,0.46488589,-0.885370612,0,0,0,1],"scale":0.85680002,"type":"utah2_rock_big_2_b"}
{"pos":[-165.897995,-994.72699,150.550995],"rotationMatrix":[-0.985516787,0.169577897,0,-0.169577897,-0.985516787,0,0,0,1],"scale":0.732200027,"type":"utah2_rock_big_2_b"}
{"pos":[-173.175003,-992.844971,147.867004],"rotationMatrix":[-0.920000613,0.391916931,0,-0.391916931,-0.920000613,0,0,0,1],"scale":0.89289999,"type":"utah2_rock_big_2_b"}
{"pos":[-180.998993,-987.700989,147.078995],"rotationMatrix":[-0.684311926,0.729189396,0,-0.729189396,-0.684311926,0,0,0,1],"scale":0.955799997,"type":"utah2_rock_big_2_b"}
{"pos":[-190.695999,-984.71698,145.548996],"rotationMatrix":[-0.986022115,-0.166614488,0,0.166614488,-0.986022115,0,0,0,1],"scale":1.09169996,"type":"utah2_rock_big_2_b"}
{"pos":[-197.240997,-982.323975,149.619995],"rotationMatrix":[-0.474216402,0.880408287,3.26947302e-05,-0.880295098,-0.47415483,-0.0160534363,-0.0141180763,-0.00764158368,0.999871135],"scale":0.766099989,"type":"utah2_rock_big_2_b"}
{"pos":[-200.806,-976.080017,148.522003],"rotationMatrix":[-0.468528986,0.883448124,0,-0.883448124,-0.468528986,0,0,0,1],"scale":0.834299982,"type":"utah2_rock_big_2_b"}
{"pos":[-205.173004,-966.492981,143.664001],"rotationMatrix":[-0.625723958,0.780044556,0,-0.780044556,-0.625723958,0,0,0,1],"scale":1.20000005,"type":"utah2_rock_big_2_b"}
{"pos":[-219.399002,-962.958008,151.457001],"rotationMatrix":[-0.781024516,-0.624500394,0,0.624500394,-0.781024516,0,0,0,1],"scale":0.639400005,"type":"utah2_rock_big_2_b"}
{"pos":[-226.087006,-963.89801,148.115997],"rotationMatrix":[-0.996021628,0.0891118199,0,-0.0891118199,-0.996021628,0,0,0,1],"scale":0.903199971,"type":"utah2_rock_big_2_b"}
{"pos":[-235.492996,-962.869019,147.399994],"rotationMatrix":[-0.976369798,0.216106489,0,-0.216106489,-0.976369798,0,0,0,1],"scale":0.958500028,"type":"utah2_rock_big_2_b"}
{"pos":[-242.615997,-959.289978,150.074005],"rotationMatrix":[-0.718479216,0.695548415,0,-0.695548415,-0.718479216,0,0,0,1],"scale":0.774399996,"type":"utah2_rock_big_2_b"}
{"pos":[-249.513,-953.754028,150.302002],"rotationMatrix":[-0.91555047,0.402076513,0.0100908168,-0.399695307,-0.906758189,-0.134287909,-0.0448440798,-0.126980603,0.99089098],"scale":0.792999983,"type":"utah2_rock_big_2_b"}
{"pos":[-350.608002,-646.846008,104.706001],"rotationMatrix":[0.789479494,0.613776922,-3.15492325e-05,-0.585652232,0.753288269,-0.2992796,-0.183667153,0.236293584,0.954165459],"scale":1.20000005,"type":"utah2_rock_big_2_b"}
{"pos":[-357.365997,-655.179993,104.569],"rotationMatrix":[0.752360582,0.658751488,6.58169811e-05,-0.602543473,0.688205719,-0.404121578,-0.266261011,0.304005504,0.914705276],"scale":1.20000005,"type":"utah2_rock_big_2_b"}
{"pos":[-366.838989,-658.051025,100.850998],"rotationMatrix":[0.830466986,0.5212906,0.196419701,-0.519922018,0.851909876,-0.0626950562,-0.200014234,-0.0500567518,0.978513479],"scale":1.20000005,"type":"utah2_rock_big_2_b"}
{"pos":[-498.161987,-561.322021,149.337006],"rotationMatrix":[0.273607969,0.961841285,4.70012901e-06,-0.955053687,0.271677732,-0.118590176,-0.114066198,0.0324427262,0.992943287],"scale":0.970899999,"type":"utah2_rock_big_2_b"}
{"pos":[-496.795013,-549.119995,147.436005],"rotationMatrix":[-0.0498506427,0.998558342,0.0199027508,-0.987452805,-0.0462870002,-0.150978416,-0.14983952,-0.0271793976,0.988336682],"scale":1.12030005,"type":"utah2_rock_big_2_b"}
{"pos":[-497.28299,-532.655029,148.466003],"rotationMatrix":[-0.0785019994,0.99691397,-4.2648112e-06,-0.978744805,-0.077072084,-0.190048575,-0.189462408,-0.0149150193,0.981774688],"scale":1.13779998,"type":"utah2_rock_big_2_b"}
{"pos":[-499.497986,-520.903015,147.203995],"rotationMatrix":[-0.117718101,0.993031323,0.00559332361,-0.980463922,-0.115330815,-0.159340188,-0.157584712,-0.0242412761,0.98720789],"scale":1.20000005,"type":"utah2_rock_big_2_b"}
{"pos":[-495.830994,-579.130005,145.535004],"rotationMatrix":[-0.360985637,0.932571352,7.53062777e-05,-0.931626558,-0.360616267,-0.0450322926,-0.0419686697,-0.0163261686,0.998985529],"scale":1.20000005,"type":"utah2_rock_big_2_b"}
{"pos":[-498.213989,-569.913025,151.490005],"rotationMatrix":[-0.138985276,0.990257084,-0.00860150065,-0.979975879,-0.138782501,-0.142782122,-0.142584741,-0.0114153484,0.989716768],"scale":0.799899995,"type":"utah2_rock_big_2_b"}
{"pos":[-496.881012,-591.354004,145.104004],"rotationMatrix":[0.734679341,0.678022981,0.0230459105,-0.674943209,0.733930349,-0.0761440322,-0.068541497,0.0403867662,0.996830463],"scale":1.20000005,"type":"utah2_rock_big_2_b"}
{"pos":[-494.493988,-609.692993,137.069],"rotationMatrix":[0.691155434,0.721261978,-0.0456654467,-0.709506333,0.689197302,0.146995991,0.137495115,-0.0691971481,0.988082409],"scale":1.20000005,"type":"utah2_rock_big_2_b"}
{"pos":[-487.018005,-605.848999,134.199005],"rotationMatrix":[0.977691889,0.169382393,-0.124210201,-0.170697108,0.985323548,5.86980314e-05,0.122397177,0.0211449321,0.992255926],"scale":1.20000005,"type":"utah2_rock_big_2_b"}
{"pos":[-476.259003,-596.372009,141.085999],"rotationMatrix":[0.297233224,0.954804897,0,-0.954804897,0.297233224,0,0,0,1],"scale":0.652199984,"type":"utah2_rock_big_2_b"}
{"pos":[-498.992004,-691.262024,93.7563019],"rotationMatrix":[0.858608246,0.510329008,-0.048540581,-0.512548447,0.852898002,-0.0992929339,-0.00927189831,0.110133134,0.993873596],"scale":1.84669995,"type":"utah2_rock_big_2_b"}
{"pos":[-297.417694,-793.156982,104.473724],"rotationMatrix":[-0.527786672,-0.849112928,-0.021176694,0.848540425,-0.528209269,0.0312095508,-0.0376861766,-0.00149727892,0.999288559],"scale":1.20000005,"type":"utah2_rock_big_2_b"}
{"pos":[-295.958374,-784.21051,103.188454],"rotationMatrix":[-0.181326702,-0.974020541,0.135662869,0.982703388,-0.184737235,-0.0128810182,0.0376084149,0.13098073,0.990671217],"scale":1.20000005,"type":"utah2_rock_big_2_b"}
{"pos":[-294.541992,-770.776978,101.464996],"rotationMatrix":[-0.237405062,-0.971410751,-0.000130924818,0.969425142,-0.236911178,-0.0639375672,0.062078625,-0.0153060248,0.997953892],"scale":1.20000005,"type":"utah2_rock_big_2_b"}
{"pos":[-371.583008,-831.512024,101.305],"rotationMatrix":[-0.915444493,-0.363609672,0.172480121,0.34525764,-0.929787576,-0.127640963,0.206781358,-0.057298135,0.976707935],"scale":1.20000005,"type":"utah2_rock_big_2_b"}
{"pos":[-359.894989,-824.732971,99.2748032],"rotationMatrix":[-0.867090404,-0.498150826,1.59958636e-05,0.490563542,-0.853889465,-0.173839524,0.0866119638,-0.150726736,0.984773993],"scale":1.20000005,"type":"utah2_rock_big_2_b"}
{"pos":[-346.847992,-819.328979,97.9876022],"rotationMatrix":[-0.989974618,-0.14124535,-8.96567508e-05,0.138848245,-0.973056734,-0.184069976,0.0259117875,-0.182237059,0.982913136],"scale":1.20000005,"type":"utah2_rock_big_2_b"}
{"pos":[-336.613007,-815.372986,98.9608994],"rotationMatrix":[-0.899759591,-0.435417384,-0.0290580653,0.431901693,-0.879015923,-0.201970145,0.0623988137,-0.194274798,0.978960514],"scale":1.20000005,"type":"utah2_rock_big_2_b"}
{"pos":[-260.096008,-954.267029,144.651001],"rotationMatrix":[-0.983691335,-0.179864839,0,0.179864839,-0.983691335,0,0,0,1],"scale":1.20000005,"type":"utah2_rock_big_2_b"}
{"pos":[-272.036011,-960.184998,140.026001],"rotationMatrix":[-0.851089776,-0.510222197,-0.123772055,0.518707991,-0.853603661,-0.0479877181,-0.0811678842,-0.105043411,0.991149664],"scale":1.20000005,"type":"utah2_rock_big_2_b"}
{"pos":[-278.487,-970.721985,147.764008],"rotationMatrix":[-0.320671141,-0.947190583,0,0.947190583,-0.320671141,0,0,0,1],"scale":0.943899989,"type":"utah2_rock_big_2_b"}
{"pos":[-278.324005,-977.619995,153.686005],"rotationMatrix":[0.315778017,-0.948833108,0,0.948833108,0.315778017,0,0,0,1],"scale":0.4833,"type":"utah2_rock_big_2_b"}
{"pos":[-281.122009,-981.883972,147.518005],"rotationMatrix":[-0.81286329,-0.582454503,0,0.582454503,-0.81286329,0,0,0,1],"scale":0.956900001,"type":"utah2_rock_big_2_b"}
{"pos":[-288.908997,-984.455994,148.759995],"rotationMatrix":[-0.998306453,-0.058174096,0,0.058174096,-0.998306453,0,0,0,1],"scale":0.85799998,"type":"utah2_rock_big_2_b"}
{"pos":[-297.791992,-983.200989,148.350006],"rotationMatrix":[-0.994079947,-0.108651072,-4.67708705e-05,0.107020728,-0.979088962,-0.173006848,0.0187515859,-0.171987638,0.984920621],"scale":0.910700023,"type":"utah2_rock_big_2_b"}
{"pos":[-306.708008,-986.434021,147.005997],"rotationMatrix":[-0.998247802,-0.059171997,0,0.059171997,-0.998247802,0,0,0,1],"scale":0.976599991,"type":"utah2_rock_big_2_b"}
{"pos":[-315.528992,-984.809998,149.582993],"rotationMatrix":[-0.99581641,0.091376543,-8.01245405e-05,-0.0911003277,-0.992873669,-0.0768284276,-0.00709986966,-0.0764997154,0.997044325],"scale":0.812600017,"type":"utah2_rock_big_2_b"}
{"pos":[-323.98999,-984.036011,148.945007],"rotationMatrix":[-0.974686384,0.223572388,0.00135752605,-0.223565698,-0.974561632,-0.0157481488,-0.00219785818,-0.015653003,0.999875069],"scale":0.857500017,"type":"utah2_rock_big_2_b"}
{"pos":[-334.695007,-982.26001,144.029007],"rotationMatrix":[-0.999998748,0.00160073419,2.54543065e-05,-0.00160073419,-0.999493122,-0.031795226,-2.54543065e-05,-0.031795226,0.999494433],"scale":1.20000005,"type":"utah2_rock_big_2_b"}
{"pos":[-343.799011,-977.968994,146.804993],"rotationMatrix":[-0.808733404,0.588175356,-5.4324566e-05,-0.583359659,-0.802123666,-0.127628788,-0.0751116872,-0.103185974,0.991822004],"scale":0.989400029,"type":"utah2_rock_big_2_b"}
{"pos":[-352.778015,-972.859985,143.309998],"rotationMatrix":[-0.845614016,0.53379482,0.00010145134,-0.533523738,-0.845178425,-0.0320293605,-0.0170113631,-0.0271386039,0.999486923],"scale":1.20000005,"type":"utah2_rock_big_2_b"}
{"pos":[-362.118011,-967.651001,148.179001],"rotationMatrix":[-0.903377593,0.428842157,0.00182632636,-0.426387727,-0.897735596,-0.110744327,-0.0458522774,-0.100822665,0.993847251],"scale":0.859000027,"type":"utah2_rock_big_2_b"}
{"pos":[-373.850616,-965.951782,142.987946],"rotationMatrix":[0.830619812,-0.556831837,-0.00290381024,0.556633413,0.830159783,0.0315143019,-0.0151375504,-0.0277927779,0.999499083],"scale":1.20000005,"type":"utah2_rock_big_2_b"}
{"pos":[-387.752014,-840.677979,108.334],"rotationMatrix":[-0.924624324,-0.380880356,-8.09228441e-05,0.36882773,-0.895312309,-0.249763831,0.0950576887,-0.230967566,0.96830678],"scale":1.20000005,"type":"utah2_rock_big_2_b"}
{"pos":[-398.368011,-844.502991,109.557999],"rotationMatrix":[-0.998755395,-0.0498763919,7.47454542e-05,0.0487220772,-0.975959003,-0.212438658,0.0106686223,-0.212170616,0.977174401],"scale":1.20000005,"type":"utah2_rock_big_2_b"}
{"pos":[-409.803009,-844.796997,110.084999],"rotationMatrix":[-0.982351601,0.187043637,8.38726337e-05,-0.183516428,-0.963739812,-0.193719625,-0.0361531936,-0.190316185,0.981056929],"scale":1.20000005,"type":"utah2_rock_big_2_b"}
{"pos":[-425.850006,-842.156006,109.75],"rotationMatrix":[-0.946108103,0.323850989,4.96353314e-05,-0.317916155,-0.92874068,-0.190709397,-0.0617153235,-0.180447474,0.981646538],"scale":1.20000005,"type":"utah2_rock_big_2_b"}
{"pos":[-382.365997,-838.841003,106.555],"rotationMatrix":[-0.601882994,-0.766157866,0.22525318,0.701858282,-0.642060935,-0.308468342,0.380961716,-0.0275660455,0.924179792],"scale":1.20000005,"type":"utah2_rock_big_2_b"}
{"pos":[-465.653992,-808.507019,98.7585983],"rotationMatrix":[-0.646227717,0.762975872,-0.016049983,-0.757407129,-0.643801451,-0.108876623,-0.0934032351,-0.0582027212,0.993925691],"scale":1.20000005,"type":"utah2_rock_big_2_b"}
{"pos":[-473.514008,-800.570007,99.132103],"rotationMatrix":[-0.666417003,0.745579243,0,-0.745579243,-0.666417003,0,0,0,1],"scale":1.01110005,"type":"utah2_rock_big_2_b"}
{"pos":[-482.334991,-792.724976,96.2416],"rotationMatrix":[-0.892632902,0.450784326,0,-0.450784326,-0.892632902,0,0,0,1],"scale":1.20000005,"type":"utah2_rock_big_2_b"}
{"pos":[-493.973999,-786.898987,96.3294983],"rotationMatrix":[-0.986421824,0.164231494,3.89740526e-05,-0.161854476,-0.97210443,-0.169753075,-0.0278409161,-0.167454451,0.985486627],"scale":1.20000005,"type":"utah2_rock_big_2_b"}
{"pos":[-437.627991,-838.083008,108.845001],"rotationMatrix":[-0.946786761,0.321861506,-4.17676638e-05,-0.317779839,-0.934800744,-0.158630207,-0.0510959998,-0.150175706,0.987338066],"scale":1.20000005,"type":"utah2_rock_big_2_b"}
{"pos":[-445.502014,-834.106995,107.040001],"rotationMatrix":[-0.795383632,0.587282419,-0.149880677,-0.572039306,-0.809100389,-0.134638667,-0.200339437,-0.0213517528,0.979493856],"scale":1.20000005,"type":"utah2_rock_big_2_b"}
{"pos":[-452.774994,-827.997986,107.43],"rotationMatrix":[-0.629604101,0.749559224,-0.204351813,-0.717361331,-0.661867261,-0.217541844,-0.298314273,0.0096288519,0.954419136],"scale":0.924899995,"type":"utah2_rock_big_2_b"}
{"pos":[-458.179993,-820.627991,100.525002],"rotationMatrix":[-0.450747311,0.878908515,-0.15603441,-0.874416709,-0.469892442,-0.120816216,-0.17950578,0.0819815025,0.980334997],"scale":1.20000005,"type":"utah2_rock_big_2_b"}
