{"pos":[-891.188843,-1036.43896,120.073959],"rotationMatrix":[1,-1.50995803e-07,4.34251746e-08,1.50995803e-07,1,4.15625152e-08,-4.34251817e-08,-4.15625081e-08,1],"scale":1.00000012,"type":"utah2_guardrail1"}
{"pos":[-895.200256,-1036.43896,120.073952],"rotationMatrix":[1,3.89414367e-07,4.34251604e-08,-3.89414367e-07,1,-4.27311875e-08,-4.34251746e-08,4.27311733e-08,1],"scale":0.99999994,"type":"utah2_guardrail1"}
{"pos":[-899.21167,-1036.43896,120.073959],"rotationMatrix":[1,-1.50995803e-07,8.55720259e-08,1.50995803e-07,1,-5.84340798e-10,-8.55720259e-08,5.84353677e-10,1],"scale":1,"type":"utah2_guardrail1"}
{"pos":[-903.223022,-1036.43896,120.073959],"rotationMatrix":[1,-1.50995803e-07,4.34251746e-08,1.50995803e-07,1,4.15625152e-08,-4.34251817e-08,-4.15625081e-08,1],"scale":1.00000012,"type":"utah2_guardrail1"}
{"pos":[-907.234436,-1036.43896,120.073952],"rotationMatrix":[1,1.50995803e-07,1.2783179e-09,-1.50995803e-07,1,-5.84336246e-10,-1.2783179e-09,5.84336024e-10,1],"scale":1,"type":"utah2_guardrail1"}
{"pos":[-612.027161,-666.567505,159.852097],"rotationMatrix":[-0.639991641,0.756443322,0.134923443,-0.763423979,-0.645897746,1.37835741e-07,0.087146841,-0.103003696,0.990856051],"scale":1,"type":"utah2_guardrail1"}
{"pos":[-609.638916,-669.791077,159.357788],"rotationMatrix":[-0.547712922,0.828741193,0.114884384,-0.834264994,-0.551363587,1.15483999e-07,0.0633431748,-0.0958439559,0.993378878],"scale":1,"type":"utah2_guardrail1"}
{"pos":[-607.554382,-673.228271,158.910843],"rotationMatrix":[-0.491228461,0.865664005,0.0965423882,-0.869726539,-0.49353385,2.38418579e-07,0.0476471372,-0.0839653611,0.995328903],"scale":1,"type":"utah2_guardrail1"}
{"pos":[-605.628662,-676.774902,158.544357],"rotationMatrix":[-0.463302612,0.881534338,0.0908176005,-0.885192394,-0.465225101,-1.56462193e-07,0.0422504991,-0.0803911164,0.99586755],"scale":1,"type":"utah2_guardrail1"}
{"pos":[-603.774414,-680.366028,158.148285],"rotationMatrix":[-0.454001665,0.88528651,0.100747824,-0.88981384,-0.456323504,-1.11758709e-07,0.0459735058,-0.0896468759,0.994911969],"scale":1,"type":"utah2_guardrail1"}
{"pos":[-601.933533,-683.956055,157.74263],"rotationMatrix":[-0.453998923,0.885438263,0.0994192138,-0.889846861,-0.45625937,-2.98023224e-08,0.0453609154,-0.0884678885,0.995045662],"scale":1,"type":"utah2_guardrail1"}
{"pos":[-600.092468,-687.546753,157.341461],"rotationMatrix":[-0.453995705,0.885541797,0.0985064283,-0.889869809,-0.456214547,3.7252903e-09,0.0449400768,-0.0876578987,0.99513644],"scale":1,"type":"utah2_guardrail1"}
{"pos":[-598.251465,-691.138123,156.943115],"rotationMatrix":[-0.45397687,0.885605037,0.0980245918,-0.88989073,-0.456173778,4.09781933e-08,0.0447162837,-0.0872311592,0.995184004],"scale":1,"type":"utah2_guardrail1"}
{"pos":[-596.410522,-694.729797,156.545807],"rotationMatrix":[-0.453934908,0.88563484,0.097949788,-0.889914095,-0.456128359,7.07805157e-08,0.0446777306,-0.0871668607,0.995191336],"scale":1,"type":"utah2_guardrail1"}
{"pos":[-594.569763,-698.321655,156.14859],"rotationMatrix":[-0.453847766,0.885679662,0.0979484394,-0.889959037,-0.456040621,1.49011612e-08,0.0446684733,-0.0871700868,0.995191514],"scale":1,"type":"utah2_guardrail1"}
{"pos":[-592.72937,-701.913635,155.751328],"rotationMatrix":[-0.45380652,0.885700643,0.09794949,-0.889980257,-0.455999255,8.94069672e-08,0.0446649641,-0.087173067,0.995191395],"scale":1,"type":"utah2_guardrail1"}
{"pos":[-590.88916,-705.505859,155.354095],"rotationMatrix":[-0.453716993,0.885746598,0.0979483202,-0.890026331,-0.455909252,4.47034836e-08,0.0446555838,-0.0871765614,0.995191514],"scale":1,"type":"utah2_guardrail1"}
{"pos":[-589.049316,-709.098145,154.956848],"rotationMatrix":[-0.453620672,0.885795712,0.0979505107,-0.890075803,-0.455812573,7.4505806e-09,0.0446470752,-0.0871833786,0.995191276],"scale":1,"type":"utah2_guardrail1"}
{"pos":[-587.209778,-712.690552,154.559616],"rotationMatrix":[-0.45352602,0.885844171,0.0979507267,-0.8901245,-0.455717444,-1.49011612e-08,0.0446378328,-0.0871883482,0.995191276],"scale":1,"type":"utah2_guardrail1"}
{"pos":[-585.370544,-716.283203,154.162369],"rotationMatrix":[-0.453482032,0.885866582,0.0979521498,-0.89014715,-0.455673337,-3.7252903e-08,0.044634141,-0.087191835,0.995191097],"scale":0.99999994,"type":"utah2_guardrail1"}
{"pos":[-583.531494,-719.875977,153.765137],"rotationMatrix":[-0.45342505,0.885895371,0.0979543924,-0.890176296,-0.455616117,-4.84287739e-08,0.0446295589,-0.0871967077,0.995190918],"scale":1,"type":"utah2_guardrail1"}
{"pos":[-581.692871,-723.468933,153.367889],"rotationMatrix":[-0.453341722,0.885938704,0.0979486108,-0.89021939,-0.455532193,-8.19563866e-08,0.0446186662,-0.0871957839,0.995191455],"scale":1,"type":"utah2_guardrail1"}
{"pos":[-579.854614,-727.062012,152.970642],"rotationMatrix":[-0.453243971,0.885988593,0.0979487747,-0.890269518,-0.455433965,5.21540642e-08,0.0446092524,-0.0872007832,0.995191455],"scale":1,"type":"utah2_guardrail1"}
{"pos":[-578.016724,-730.655457,152.573395],"rotationMatrix":[-0.453151226,0.886036098,0.097949475,-0.890317261,-0.455340743,1.15483999e-07,0.0446004868,-0.0872060508,0.995191395],"scale":1,"type":"utah2_guardrail1"}
{"pos":[-576.179199,-734.248962,152.176147],"rotationMatrix":[-0.453045607,0.88609004,0.0979486406,-0.890371442,-0.455234647,-9.31322575e-08,0.0445895381,-0.0872107148,0.995191455],"scale":1,"type":"utah2_guardrail1"}
{"pos":[-574.342102,-737.842529,151.7789],"rotationMatrix":[-0.452944994,0.886141956,0.0979455188,-0.890423357,-0.455133438,-7.82310963e-08,0.0445782021,-0.0872130096,0.995191753],"scale":1,"type":"utah2_guardrail1"}
{"pos":[-572.505371,-741.436584,151.381653],"rotationMatrix":[-0.452843428,0.886193693,0.0979460776,-0.890475333,-0.455031276,-4.84287739e-08,0.044568494,-0.0872185975,0.995191693],"scale":1,"type":"utah2_guardrail1"}
{"pos":[-570.669067,-745.030579,150.984421],"rotationMatrix":[-0.452740431,0.886246264,0.0979474112,-0.890528262,-0.454927921,4.84287739e-08,0.0445590541,-0.0872249156,0.995191574],"scale":1,"type":"utah2_guardrail1"}
{"pos":[-568.83313,-748.624878,150.587189],"rotationMatrix":[-0.452626944,0.886304259,0.097947076,-0.890586495,-0.454813838,-3.35276127e-08,0.0445476621,-0.0872303545,0.995191634],"scale":1,"type":"utah2_guardrail1"}
{"pos":[-566.997681,-752.219543,150.189941],"rotationMatrix":[-0.45248282,0.886377573,0.097949259,-0.890660405,-0.454669118,5.96046448e-08,0.0445345566,-0.0872395039,0.995191395],"scale":1,"type":"utah2_guardrail1"}
{"pos":[-565.162842,-755.814392,149.792725],"rotationMatrix":[-0.452367902,0.886436045,0.0979499891,-0.890719235,-0.454553723,-7.82310963e-08,0.0445234701,-0.0872459859,0.995191336],"scale":1,"type":"utah2_guardrail1"}
{"pos":[-563.328308,-759.409424,149.395477],"rotationMatrix":[-0.452263117,0.886489928,0.0979470834,-0.890773118,-0.454448223,-2.23517418e-08,0.0445118621,-0.0872486383,0.995191634],"scale":1,"type":"utah2_guardrail1"}
{"pos":[-561.494385,-763.004761,148.998245],"rotationMatrix":[-0.452142119,0.886551321,0.0979501382,-0.890835106,-0.454326749,1.2293458e-07,0.044501476,-0.0872573704,0.995191336],"scale":1,"type":"utah2_guardrail1"}
{"pos":[-559.66095,-766.600403,148.601013],"rotationMatrix":[-0.451978207,0.886635482,0.0979447812,-0.890919149,-0.454161882,1.89989805e-07,0.0444829613,-0.0872607976,0.995191872],"scale":1,"type":"utah2_guardrail1"}
{"pos":[-557.828064,-770.19635,148.203781],"rotationMatrix":[-0.451864004,0.886693001,0.0979512259,-0.890977502,-0.454047322,8.56816769e-08,0.0444745794,-0.0872723013,0.995191216],"scale":1,"type":"utah2_guardrail1"}
{"pos":[-555.99585,-773.792419,147.806534],"rotationMatrix":[-0.451721072,0.886765778,0.0979517773,-0.891050756,-0.453903794,-3.35276127e-08,0.0444606468,-0.0872800201,0.995191157],"scale":1,"type":"utah2_guardrail1"}
{"pos":[-554.164185,-777.388977,147.409271],"rotationMatrix":[-0.451536059,0.886859953,0.0979513377,-0.891145289,-0.453717947,1.2293458e-07,0.0444423892,-0.0872888267,0.995191216],"scale":1,"type":"utah2_guardrail1"}
{"pos":[-552.33313,-780.985779,147.012054],"rotationMatrix":[-0.451420307,0.886919498,0.097947292,-0.891204715,-0.45360136,8.56816769e-08,0.044429101,-0.087291047,0.995191634],"scale":1,"type":"utah2_guardrail1"}
{"pos":[-550.502808,-784.583008,146.614838],"rotationMatrix":[-0.451239705,0.887010992,0.0979496241,-0.891296923,-0.453420043,-7.4505806e-09,0.0444123149,-0.0873022005,0.995191395],"scale":1,"type":"utah2_guardrail1"}
{"pos":[-548.673035,-788.180359,146.21759],"rotationMatrix":[-0.451053739,0.887106061,0.0979459435,-0.891392112,-0.453233004,-1.15483999e-07,0.0443922281,-0.0873082876,0.995191753],"scale":1,"type":"utah2_guardrail1"}
{"pos":[-546.843994,-791.778259,145.820343],"rotationMatrix":[-0.450876951,0.887195289,0.097951591,-0.891482294,-0.45305562,-4.09781933e-08,0.0443774797,-0.0873221159,0.995191157],"scale":1,"type":"utah2_guardrail1"}
{"pos":[-545.015747,-795.376465,145.423111],"rotationMatrix":[-0.45070982,0.887280226,0.0979508311,-0.891567588,-0.452887654,7.4505806e-09,0.0443607308,-0.0873297751,0.995191276],"scale":1,"type":"utah2_guardrail1"}
{"pos":[-543.18811,-798.975098,145.025909],"rotationMatrix":[-0.450537086,0.887369215,0.097940363,-0.891655982,-0.452713609,6.70552254e-08,0.0443389937,-0.0873290822,0.995192289],"scale":0.99999994,"type":"utah2_guardrail1"}
{"pos":[-541.36145,-802.574036,144.628693],"rotationMatrix":[-0.45031023,0.887483716,0.0979460925,-0.891771555,-0.452485919,1.11758709e-08,0.0443192311,-0.0873455256,0.995191693],"scale":1,"type":"utah2_guardrail1"}
{"pos":[-539.5354,-806.173462,144.231491],"rotationMatrix":[-0.450065851,0.887607276,0.097949937,-0.891896069,-0.452240467,-1.04308128e-07,0.0442968309,-0.0873612091,0.995191336],"scale":1,"type":"utah2_guardrail1"}
{"pos":[-537.710632,-809.773438,143.834244],"rotationMatrix":[-0.449834228,0.887724817,0.0979479551,-0.892014086,-0.452007651,-1.49011612e-08,0.0442732088,-0.0873709619,0.995191514],"scale":0.99999994,"type":"utah2_guardrail1"}
{"pos":[-535.88678,-813.374023,143.436996],"rotationMatrix":[-0.449612856,0.887836814,0.0979499072,-0.892126679,-0.451785326,1.60187483e-07,0.0442524701,-0.0873836577,0.995191336],"scale":1,"type":"utah2_guardrail1"}
{"pos":[-534.062134,-816.97345,143.040726],"rotationMatrix":[-0.451400995,0.887034059,0.0969927907,-0.891236186,-0.453539371,-1.49011612e-07,0.0439899266,-0.0864435509,0.995285094],"scale":0.99999994,"type":"utah2_guardrail1"}
{"pos":[-532.226501,-820.568481,142.648819],"rotationMatrix":[-0.453143358,0.886170387,0.0967634991,-0.890348434,-0.455279827,2.60770321e-08,0.0440544859,-0.0861532241,0.995307386],"scale":1,"type":"utah2_guardrail1"}
{"pos":[-530.391296,-824.164917,142.251724],"rotationMatrix":[-0.450907588,0.887004673,0.0995241553,-0.891430557,-0.453157425,-1.1920929e-07,0.0450999998,-0.0887189284,0.995035172],"scale":0.99999994,"type":"utah2_guardrail1"}
{"pos":[-528.564026,-827.760864,141.845917],"rotationMatrix":[-0.454657912,0.885412157,0.0965997353,-0.889572442,-0.456794262,-1.3038516e-07,0.0441260859,-0.085932523,0.9953233],"scale":1,"type":"utah2_guardrail1"}
{"pos":[-526.694092,-831.323914,141.50885],"rotationMatrix":[-0.471956611,0.879236758,0.0648051873,-0.881088912,-0.472950697,-3.31550837e-07,0.0306493696,-0.0570992865,0.997897923],"scale":0.99999994,"type":"utah2_guardrail1"}
{"pos":[-524.76062,-834.862,141.339218],"rotationMatrix":[-0.483922124,0.87464875,0.0284414906,-0.875002682,-0.484117985,4.84287739e-08,0.0137690809,-0.0248863567,0.999595463],"scale":1,"type":"utah2_guardrail1"}
{"pos":[-522.786621,-838.401611,141.223282],"rotationMatrix":[-0.489335895,0.871693134,0.0264852829,-0.871999025,-0.489507675,-1.17346644e-07,0.0129646463,-0.0230951998,0.999649227],"scale":1,"type":"utah2_guardrail1"}
{"pos":[-520.800537,-841.924316,141.158264],"rotationMatrix":[-0.496409893,0.868065357,0.00630567269,-0.868082643,-0.496419787,-7.21774995e-08,0.00313019799,-0.00547388103,0.999980092],"scale":0.99999994,"type":"utah2_guardrail1"}
{"pos":[-518.703003,-845.395142,141.131165],"rotationMatrix":[-0.542687178,0.839905977,0.00696639391,-0.839926362,-0.542700291,1.95577741e-08,0.00378068024,-0.00585124735,0.999975741],"scale":1,"type":"utah2_guardrail1"}
{"pos":[-516.405334,-848.736145,141.102982],"rotationMatrix":[-0.585154533,0.810893178,0.00682593463,-0.810912013,-0.585168123,6.10016286e-08,0.00399436848,-0.00553519698,0.999976695],"scale":1,"type":"utah2_guardrail1"}
{"pos":[-513.950439,-851.967407,141.06749],"rotationMatrix":[-0.633945107,0.773266912,0.0131119918,-0.77333343,-0.633999586,1.30850822e-07,0.00831309892,-0.0101398584,0.99991405],"scale":1,"type":"utah2_guardrail1"}
{"pos":[-511.264496,-855.010315,140.996246],"rotationMatrix":[-0.686757684,0.726563215,0.0216771718,-0.726733923,-0.686919093,3.66009772e-07,0.0148907285,-0.0157532841,0.999765038],"scale":1,"type":"utah2_guardrail1"}
{"pos":[-508.384735,-857.868774,140.893097],"rotationMatrix":[-0.730774045,0.682002187,0.029020153,-0.6822896,-0.731081963,2.92435288e-07,0.0212163106,-0.0197999347,0.999578834],"scale":1,"type":"utah2_guardrail1"}
{"pos":[-505.335144,-860.543457,140.761246],"rotationMatrix":[-0.770676255,0.636224389,0.0357279368,-0.636630893,-0.77116859,1.07102096e-07,0.0275523327,-0.0227454267,0.999361575],"scale":1,"type":"utah2_guardrail1"}
{"pos":[-502.150391,-863.051147,140.612045],"rotationMatrix":[-0.798872709,0.600322902,0.0376129672,-0.600748003,-0.799438477,1.38767064e-07,0.0300693363,-0.0225958042,0.999292374],"scale":1,"type":"utah2_guardrail1"}
{"pos":[-498.85379,-865.408264,140.457596],"rotationMatrix":[-0.826566577,0.561530471,0.0383572392,-0.561944008,-0.827175379,1.18277967e-07,0.0317282267,-0.0215545222,0.999264061],"scale":1,"type":"utah2_guardrail1"}
{"pos":[-495.441498,-867.592896,140.302719],"rotationMatrix":[-0.856767178,0.51431942,0.037756402,-0.514686346,-0.857378483,-1.11758709e-08,0.0323715247,-0.0194327179,0.99928695],"scale":1,"type":"utah2_guardrail1"}
{"pos":[-491.896179,-869.55127,140.155045],"rotationMatrix":[-0.891605139,0.4514862,0.03464875,-0.451757461,-0.892140746,-1.18277967e-07,0.0309115089,-0.015652936,0.999399543],"scale":1,"type":"utah2_guardrail1"}
{"pos":[-488.234222,-871.286621,140.017578],"rotationMatrix":[-0.912278652,0.408183515,0.0336685367,-0.408415079,-0.912796259,6.05359674e-08,0.0307325404,-0.0137506826,0.999433041],"scale":1,"type":"utah2_guardrail1"}
{"pos":[-484.505798,-872.877808,139.878906],"rotationMatrix":[-0.925185442,0.377897859,0.0349992923,-0.378129542,-0.92575264,1.58324838e-08,0.0324006937,-0.0132342521,0.999387324],"scale":1,"type":"utah2_guardrail1"}
{"pos":[-480.731415,-874.358276,139.731415],"rotationMatrix":[-0.93498373,0.352652222,0.0379696228,-0.352906674,-0.935658336,5.49480319e-08,0.0355266221,-0.0133996848,0.999278903],"scale":1.00000012,"type":"utah2_guardrail1"}
{"pos":[-476.920837,-875.739868,139.571503],"rotationMatrix":[-0.943611264,0.328662157,0.0397367738,-0.328921914,-0.944357157,1.65309757e-07,0.0375257619,-0.01307014,0.999210179],"scale":1,"type":"utah2_guardrail1"}
{"pos":[-473.076447,-877.020935,139.410599],"rotationMatrix":[-0.952216983,0.302822739,0.0397639424,-0.303062409,-0.952970743,-1.67638063e-07,0.0378938243,-0.0120511167,0.999209106],"scale":0.99999994,"type":"utah2_guardrail1"}
{"pos":[-469.19516,-878.187012,139.247635],"rotationMatrix":[-0.96172142,0.27097699,0.0407838747,-0.271202654,-0.962522268,-1.90921128e-08,0.0392553806,-0.0110607129,0.999167979],"scale":1,"type":"utah2_guardrail1"}
{"pos":[-465.270142,-879.197754,139.077438],"rotationMatrix":[-0.973665714,0.223788068,0.0435225926,-0.22400032,-0.974589229,1.76951289e-08,0.0424166508,-0.00974905677,0.999052465],"scale":1.00000012,"type":"utah2_guardrail1"}
{"pos":[-461.294037,-879.969116,138.897797],"rotationMatrix":[-0.985685706,0.163173839,0.0424058884,-0.163320765,-0.9865731,-1.87894329e-07,0.0418364778,-0.00692594703,0.999100447],"scale":1,"type":"utah2_guardrail1"}
{"pos":[-457.284912,-880.552063,138.730118],"rotationMatrix":[-0.991068721,0.126795769,0.0412991792,-0.126904041,-0.991914988,-1.10361725e-07,0.0409652591,-0.00524114212,0.999146819],"scale":1.00000012,"type":"utah2_guardrail1"}
{"pos":[-453.256836,-881.007629,138.55632],"rotationMatrix":[-0.994058132,0.0990936011,0.0450431332,-0.0991942734,-0.995068073,1.51339918e-08,0.0448209867,-0.00446800608,0.998985052],"scale":1,"type":"utah2_guardrail1"}
{"pos":[-449.21756,-881.360718,138.359558],"rotationMatrix":[-0.995754957,0.0756245404,0.0524702445,-0.0757288486,-0.997128487,2.15601176e-07,0.0523195863,-0.00397329638,0.998622477],"scale":1.00000012,"type":"utah2_guardrail1"}
{"pos":[-445.17569,-881.618042,138.143295],"rotationMatrix":[-0.997251511,0.0516641513,0.0531054288,-0.0517371669,-0.998660684,-2.37603672e-07,0.0530342907,-0.00274776155,0.99858892],"scale":0.99999994,"type":"utah2_guardrail1"}
{"pos":[-441.12854,-881.781189,137.925903],"rotationMatrix":[-0.998083949,0.0292703696,0.054512836,-0.0293139368,-0.999570251,3.81842256e-07,0.0544894189,-0.00159760471,0.998513043],"scale":1.00000012,"type":"utah2_guardrail1"}
{"pos":[-437.077942,-881.854858,137.697205],"rotationMatrix":[-0.998247981,0.00729515776,0.0587171465,-0.00730776973,-0.999973297,-5.97792678e-08,0.0587155819,-0.000429151056,0.998274684],"scale":1,"type":"utah2_guardrail1"}
{"pos":[-433.026031,-881.83667,137.444305],"rotationMatrix":[-0.997646213,-0.0163096711,0.0666017383,0.0163459666,-0.999866247,4.54019755e-08,0.0665928423,0.00108871527,0.997779667],"scale":1,"type":"utah2_guardrail1"}
{"pos":[-428.983887,-881.670654,137.172897],"rotationMatrix":[-0.995500565,-0.0680068284,0.0659808144,0.0681553483,-0.997674584,9.42964107e-08,0.0658273771,0.00449703913,0.997820914],"scale":1,"type":"utah2_guardrail1"}
{"pos":[-424.955566,-881.286255,136.905319],"rotationMatrix":[-0.990585566,-0.119620882,0.0665664896,0.119886793,-0.9927876,6.47269189e-08,0.0660863742,0.00798050687,0.997781992],"scale":1.00000012,"type":"utah2_guardrail1"}
{"pos":[-420.94928,-880.706299,136.627792],"rotationMatrix":[-0.983911514,-0.164004132,0.0708559975,0.164417401,-0.986390829,2.00234354e-08,0.0698916987,0.0116499774,0.997486532],"scale":1,"type":"utah2_guardrail1"}
{"pos":[-416.971924,-879.960815,136.326859],"rotationMatrix":[-0.975703239,-0.205654368,0.0755594522,0.206243947,-0.978500485,-1.67638063e-07,0.0739350021,0.0155835161,0.997141302],"scale":1.00000012,"type":"utah2_guardrail1"}
{"pos":[-413.040649,-879.019714,136.027374],"rotationMatrix":[-0.963987947,-0.255888879,0.0724452734,0.256563008,-0.966527581,-1.34110451e-07,0.0700203776,0.0185866468,0.997372389],"scale":1.00000012,"type":"utah2_guardrail1"}
{"pos":[-409.156219,-877.894836,135.737289],"rotationMatrix":[-0.952292204,-0.296830565,0.0709311515,0.297580093,-0.954696894,-7.26431608e-08,0.0677177757,0.0211076327,0.997481227],"scale":1.00000012,"type":"utah2_guardrail1"}
{"pos":[-405.316833,-876.620117,135.449448],"rotationMatrix":[-0.941340089,-0.329817176,0.0714084879,0.330661297,-0.943749428,-1.86264515e-08,0.0673917308,0.0236120075,0.997447133],"scale":1,"type":"utah2_guardrail1"}
{"pos":[-401.511322,-875.247559,135.157227],"rotationMatrix":[-0.936018348,-0.344454229,0.0722582117,0.345357001,-0.938471556,1.76019967e-07,0.0678121969,0.0249550417,0.997385979],"scale":1,"type":"utah2_guardrail1"}
{"pos":[-397.725586,-873.825012,134.866806],"rotationMatrix":[-0.931383014,-0.357136786,0.0705615729,0.358029187,-0.933710337,-3.25962901e-08,0.0658840835,0.0252630748,0.997507453],"scale":1,"type":"utah2_guardrail1"}
{"pos":[-393.960449,-872.350281,134.588562],"rotationMatrix":[-0.92652607,-0.370338917,0.0663242191,0.371156156,-0.928570628,9.03382897e-08,0.061586678,0.0246167257,0.997798145],"scale":0.99999994,"type":"utah2_guardrail1"}
{"pos":[-390.192505,-870.868469,134.316956],"rotationMatrix":[-0.935489535,-0.346129417,0.0710871741,0.347007275,-0.937862277,-3.10130417e-07,0.0666700974,0.0246674791,0.997470081],"scale":1,"type":"utah2_guardrail1"}
{"pos":[-386.337982,-869.628052,134.000473],"rotationMatrix":[-0.961825132,-0.260203928,0.0847725496,0.261143953,-0.965299845,-4.32133675e-07,0.0818310454,0.0221374221,0.996400356],"scale":1.00000012,"type":"utah2_guardrail1"}
{"pos":[-623.959229,-599.639587,168.208954],"rotationMatrix":[0.618076086,-0.783326864,-0.0661894456,0.785048366,0.619434476,1.39698386e-07,0.0409999117,-0.0519620031,0.997807086],"scale":1.00000012,"type":"utah2_guardrail1"}
{"pos":[-626.112366,-596.29187,168.500885],"rotationMatrix":[0.439047635,-0.890775561,-0.117286496,0.896966457,0.442098677,2.79396772e-06,0.0518497154,-0.105203278,0.99309814],"scale":1.00000012,"type":"utah2_guardrail1"}
{"pos":[-627.690735,-592.63623,169.036911],"rotationMatrix":[0.366314769,-0.920853257,-0.133576438,0.929180145,0.369627178,9.31322575e-08,0.0493733995,-0.124116614,0.991038501],"scale":0.999999881,"type":"utah2_guardrail1"}
{"pos":[-629.134766,-588.932922,169.61261],"rotationMatrix":[0.355765879,-0.921776891,-0.154136539,0.93292582,0.360068798,1.04308128e-07,0.0554996617,-0.143797979,0.988049567],"scale":1.00000012,"type":"utah2_guardrail1"}
{"pos":[-630.569702,-585.230225,170.264282],"rotationMatrix":[0.36342907,-0.917636156,-0.160820648,0.929737926,0.368221998,1.49011612e-07,0.0592175573,-0.149521112,0.986983657],"scale":1.00000024,"type":"utah2_guardrail1"}
{"pos":[-632.085449,-581.549194,170.895081],"rotationMatrix":[0.391077638,-0.907126367,-0.155499488,0.918296516,0.395893276,2.16066837e-07,0.0615610033,-0.142794728,0.987836003],"scale":1,"type":"utah2_guardrail1"}
{"pos":[-633.727417,-577.921875,171.520813],"rotationMatrix":[0.426561058,-0.89195323,-0.149883658,0.902144194,0.431434691,1.86264515e-07,0.0646648481,-0.135216743,0.988703668],"scale":1,"type":"utah2_guardrail1"}
{"pos":[-635.523743,-574.365356,172.115143],"rotationMatrix":[0.46730423,-0.8716169,-0.148022652,0.881325662,0.472509384,-5.96046448e-08,0.0699421465,-0.130456135,0.988983989],"scale":1.00000012,"type":"utah2_guardrail1"}
{"pos":[-637.482178,-570.910522,172.746414],"rotationMatrix":[0.509035468,-0.845894217,-0.159203947,0.856822371,0.515611768,7.4505806e-08,0.0820873678,-0.136409536,0.987245739],"scale":0.99999994,"type":"utah2_guardrail1"}
{"pos":[-639.625366,-567.534058,173.333588],"rotationMatrix":[0.552161574,-0.823230684,-0.131942257,0.830491364,0.557031512,9.68575478e-08,0.0734959096,-0.109576955,0.991257429],"scale":1.00000012,"type":"utah2_guardrail1"}
{"pos":[-641.923584,-564.268005,173.862808],"rotationMatrix":[0.589259088,-0.797409952,-0.13004224,0.804239213,0.594305634,7.82310963e-08,0.0772847682,-0.104585126,0.991508484],"scale":0.99999994,"type":"utah2_guardrail1"}
{"pos":[-644.356812,-561.101746,174.380936],"rotationMatrix":[0.615257204,-0.777276874,-0.131526679,0.784088612,0.62064898,2.38418579e-07,0.0816317201,-0.103128709,0.991312623],"scale":0.99999994,"type":"utah2_guardrail1"}
{"pos":[-646.859924,-557.992554,174.919312],"rotationMatrix":[0.628763914,-0.766395807,-0.131504551,0.773109794,0.634272158,2.12341547e-07,0.0834095031,-0.101667598,0.991315544],"scale":1.00000012,"type":"utah2_guardrail1"}
{"pos":[-649.427551,-554.921692,175.416702],"rotationMatrix":[0.64454484,-0.754981816,-0.120683476,0.760540545,0.649290442,1.45286322e-07,0.0783585161,-0.0917847753,0.99269104],"scale":1.00000012,"type":"utah2_guardrail1"}
{"pos":[-652.054993,-551.906189,175.902542],"rotationMatrix":[0.660482049,-0.74146235,-0.118309073,0.746706605,0.665153503,1.63912773e-07,0.0786935762,-0.0883422717,0.992976844],"scale":0.99999994,"type":"utah2_guardrail1"}
{"pos":[-654.751099,-548.942627,176.35907],"rotationMatrix":[0.6770643,-0.727692962,-0.109758541,0.732116222,0.681179762,5.96046448e-08,0.074765265,-0.0803560466,0.993958294],"scale":1.00000012,"type":"utah2_guardrail1"}
{"pos":[-657.50824,-546.040649,176.800278],"rotationMatrix":[0.692393064,-0.712975562,-0.110714547,0.717385828,0.696676016,1.04308128e-07,0.0771320984,-0.0794251263,0.993852258],"scale":1.00000012,"type":"utah2_guardrail1"}
{"pos":[-660.319275,-543.202881,177.267517],"rotationMatrix":[0.705745339,-0.697906554,-0.121860616,0.703146994,0.71104455,1.49011612e-07,0.0866482183,-0.085686028,0.992547214],"scale":1,"type":"utah2_guardrail1"}
{"pos":[-663.191406,-540.414062,177.750153],"rotationMatrix":[0.719267964,-0.685413837,-0.113408342,0.689864516,0.723938465,1.45286322e-07,0.0821005702,-0.0782364905,0.993548453],"scale":0.999999881,"type":"utah2_guardrail1"}
{"pos":[-666.110291,-537.665283,178.179596],"rotationMatrix":[0.726954758,-0.678619087,-0.104942203,0.682387054,0.730991006,1.49011612e-08,0.0767118037,-0.0716112107,0.994478345],"scale":1.00000012,"type":"utah2_guardrail1"}
{"pos":[-669.040405,-534.951355,178.626572],"rotationMatrix":[0.73110497,-0.671411276,-0.121212184,0.676398635,0.736535788,1.15483999e-07,0.089277029,-0.081987828,0.992626607],"scale":0.99999994,"type":"utah2_guardrail1"}
{"pos":[-671.994507,-532.261475,179.13298],"rotationMatrix":[0.737017095,-0.664769113,-0.122015633,0.669773519,0.742565393,8.56816769e-08,0.0906045362,-0.0817229152,0.9925282],"scale":1,"type":"utah2_guardrail1"}
{"pos":[-674.981079,-529.593567,179.606552],"rotationMatrix":[0.744507253,-0.657925427,-0.113327265,0.662191451,0.749334693,-1.11758709e-08,0.0849200636,-0.0750443339,0.993557692],"scale":1,"type":"utah2_guardrail1"}
{"pos":[-677.999084,-526.956543,180.046143],"rotationMatrix":[0.752942443,-0.649507344,-0.105914339,0.653181374,0.757201493,1.49011612e-08,0.0801984817,-0.0691812858,0.994375229],"scale":1,"type":"utah2_guardrail1"}
{"pos":[-681.042603,-524.36731,180.489609],"rotationMatrix":[0.761263132,-0.63740325,-0.119145036,0.641976118,0.766724586,-1.82539225e-07,0.0913515538,-0.0764881372,0.992876887],"scale":1,"type":"utah2_guardrail1"}
{"pos":[-684.128174,-521.829163,180.984955],"rotationMatrix":[0.772920012,-0.622581124,-0.122422993,0.627299666,0.778777957,1.41561031e-07,0.095340237,-0.0767960101,0.992478013],"scale":1,"type":"utah2_guardrail1"}
{"pos":[-687.270264,-519.360168,181.478882],"rotationMatrix":[0.789966106,-0.600377619,-0.124499947,0.605085433,0.796160519,-2.60770321e-08,0.099121958,-0.0753330886,0.992219627],"scale":0.99999994,"type":"utah2_guardrail1"}
{"pos":[-690.490967,-516.994995,181.985153],"rotationMatrix":[0.807785273,-0.576242864,-0.124205932,0.580739796,0.814089239,-1.86264515e-08,0.10111472,-0.0721313208,0.992256463],"scale":1.00000012,"type":"utah2_guardrail1"}
{"pos":[-693.77063,-514.699463,182.467529],"rotationMatrix":[0.818459332,-0.562716484,-0.116079733,0.56654644,0.824029863,-4.47034836e-08,0.0956531912,-0.0657645166,0.99323988],"scale":1,"type":"utah2_guardrail1"}
{"pos":[-697.079163,-512.456421,182.942993],"rotationMatrix":[0.825316489,-0.551694989,-0.120355129,0.555734634,0.831359744,1.2293458e-07,0.100058332,-0.0668856204,0.992730916],"scale":1.00000024,"type":"utah2_guardrail1"}
{"pos":[-700.41217,-510.255554,183.438232],"rotationMatrix":[0.831069231,-0.541705251,-0.126013458,0.546058178,0.837747276,5.96046448e-08,0.105567396,-0.0688107163,0.992028534],"scale":1.00000012,"type":"utah2_guardrail1"}
{"pos":[-703.769714,-508.093658,183.952698],"rotationMatrix":[0.837088525,-0.531749368,-0.128551215,0.536198258,0.844092071,1.08033419e-07,0.108509004,-0.0689290315,0.991702855],"scale":1,"type":"utah2_guardrail1"}
{"pos":[-707.154053,-505.973419,184.47229],"rotationMatrix":[0.844066381,-0.520395041,-0.129386768,0.524806499,0.851221561,-2.23517418e-08,0.110136822,-0.0679029897,0.991594195],"scale":1,"type":"utah2_guardrail1"}
{"pos":[-710.570374,-503.904907,184.994019],"rotationMatrix":[0.853182673,-0.505305409,-0.129405469,0.509590149,0.860417247,5.96046448e-08,0.111342661,-0.0659438074,0.991591752],"scale":1,"type":"utah2_guardrail1"}
{"pos":[-714.030151,-501.91391,185.518616],"rotationMatrix":[0.867220879,-0.480029255,-0.132286906,0.484285384,0.874910057,-6.70552254e-08,0.115739174,-0.0640645549,0.991211474],"scale":0.99999994,"type":"utah2_guardrail1"}
{"pos":[-717.499268,-499.923096,186.045944],"rotationMatrix":[0.808579564,-0.577260435,-0.113883317,0.581040561,0.813874602,-1.12503767e-06,0.0926873982,-0.0661699176,0.993494153],"scale":1.00000012,"type":"utah2_guardrail1"}
{"pos":[-598.569031,322.912292,299.759613],"rotationMatrix":[0.28317064,-0.958147168,-0.0420522094,0.958995461,0.283421397,4.28408384e-08,0.0119184544,-0.0403278917,0.999115407],"scale":1,"type":"utah2_guardrail1"}
{"pos":[-599.718262,326.795105,299.877441],"rotationMatrix":[0.286198556,-0.957840323,-0.0251469724,0.958143353,0.286289096,-6.61239028e-08,0.00719936658,-0.0240943842,0.999683738],"scale":1,"type":"utah2_guardrail1"}
{"pos":[-600.899231,330.668396,299.94751],"rotationMatrix":[0.298171163,-0.954455912,-0.0103878137,0.954507411,0.298187256,-2.00234354e-08,0.00309753278,-0.00991523825,0.999946058],"scale":1.00000012,"type":"utah2_guardrail1"}
{"pos":[-602.137085,334.519104,299.974182],"rotationMatrix":[0.314314842,-0.949306488,-0.00482914504,0.949317575,0.314318538,8.00937414e-08,0.00151781377,-0.00458441721,0.999988317],"scale":1.00000024,"type":"utah2_guardrail1"}
{"pos":[-603.463135,338.339844,300.013641],"rotationMatrix":[0.344393313,-0.938825488,0.000122759302,0.938825488,0.344393313,1.59154297e-07,-4.24269092e-05,0.000115194744,1],"scale":1.00000012,"type":"utah2_guardrail1"}
{"pos":[-604.930115,342.102356,299.979523],"rotationMatrix":[0.382790804,-0.92381829,-0.00556705613,0.923832595,0.382796764,1.16648152e-07,0.00213094358,-0.00514307246,0.999984503],"scale":1.00000012,"type":"utah2_guardrail1"}
{"pos":[-606.559326,345.811462,299.959839],"rotationMatrix":[0.420740604,-0.907097757,0.012288278,0.907166302,0.420772374,6.28642738e-08,-0.00517062517,0.0111474842,0.999924481],"scale":1.00000012,"type":"utah2_guardrail1"}
{"pos":[-608.321655,349.439423,299.946625],"rotationMatrix":[0.451398671,-0.892316937,-0.00310818409,0.892321229,0.451400876,-2.22353265e-08,0.00140305678,-0.00277348887,0.999995172],"scale":1.00000024,"type":"utah2_guardrail1"}
{"pos":[-610.200317,353.021332,299.968903],"rotationMatrix":[0.477759182,-0.878487468,0.00242486689,0.87849009,0.477760553,7.52042979e-08,-0.0011585718,0.00213018549,0.999997079],"scale":1.00000012,"type":"utah2_guardrail1"}
{"pos":[-612.180359,356.539551,299.96579],"rotationMatrix":[0.502841353,-0.864355564,-0.00632324489,0.864372849,0.502851427,-5.98374754e-08,0.0031797043,-0.00546561088,0.999980032],"scale":1.00000012,"type":"utah2_guardrail1"}
{"pos":[-614.262817,360.006927,299.995026],"rotationMatrix":[0.526771784,-0.850006282,-0.000924977241,0.85000664,0.526772022,4.47325874e-08,0.000487214187,-0.000786260352,0.999999583],"scale":1.00000024,"type":"utah2_guardrail1"}
{"pos":[-616.44281,363.416443,299.965179],"rotationMatrix":[0.55057919,-0.834738553,0.00860416703,0.834769428,0.550599575,6.33299351e-08,-0.00473750383,0.00718246121,0.999962986],"scale":1.00000012,"type":"utah2_guardrail1"}
{"pos":[-618.717407,366.756226,299.935486],"rotationMatrix":[0.575411439,-0.817835152,0.00688116532,0.817854464,0.575425029,-1.00117177e-08,-0.00395958684,0.00562779792,0.999976337],"scale":1.00000012,"type":"utah2_guardrail1"}
{"pos":[-621.097412,370.022705,299.905945],"rotationMatrix":[0.60277456,-0.79788363,0.00668253051,0.797901392,0.602787971,9.66247171e-08,-0.00402822671,0.00533194188,0.999977648],"scale":1,"type":"utah2_guardrail1"}
{"pos":[-623.597534,373.199829,299.867493],"rotationMatrix":[0.634917796,-0.772524774,0.00920949876,0.772557557,0.634944677,4.30736691e-08,-0.00584755605,0.00711484067,0.999957621],"scale":1.00000012,"type":"utah2_guardrail1"}
{"pos":[-626.25531,376.241333,299.861572],"rotationMatrix":[0.687057793,-0.726582408,0.00544245029,0.726593137,0.687067986,1.06403604e-07,-0.00373941055,0.00395437423,0.999985218],"scale":1.00000012,"type":"utah2_guardrail1"}
{"pos":[-629.142761,379.066254,299.829895],"rotationMatrix":[0.739858866,-0.672755539,0.0029770562,0.67275852,0.739862144,-1.01514161e-07,-0.00220254273,0.0020029149,0.999995589],"scale":1,"type":"utah2_guardrail1"}
{"pos":[-632.220703,381.68573,299.828033],"rotationMatrix":[0.781421542,-0.623991311,0.0038855446,0.623996079,0.781427503,-2.42143869e-08,-0.00303625618,0.00242458354,0.99999243],"scale":1.00000012,"type":"utah2_guardrail1"}
{"pos":[-635.448303,384.113983,299.832642],"rotationMatrix":[0.815543413,-0.578695595,-0.000570817094,0.578695714,0.815543532,9.22882464e-08,0.000465472782,-0.00033040467,0.999999821],"scale":1,"type":"utah2_guardrail1"}
{"pos":[-638.807983,386.366394,299.814178],"rotationMatrix":[0.844777405,-0.535088956,0.00556282233,0.535097182,0.844790459,1.37835741e-07,-0.00469949376,0.00297653419,0.999984503],"scale":1.00000024,"type":"utah2_guardrail1"}
{"pos":[-642.270874,388.438049,299.808105],"rotationMatrix":[0.870916247,-0.491396636,-0.00584673742,0.49140504,0.870931149,-5.23868948e-09,0.00509210816,-0.00287311198,0.999982893],"scale":1.00000012,"type":"utah2_guardrail1"}
{"pos":[-645.845215,390.335114,299.823822],"rotationMatrix":[0.894641221,-0.446771413,0.00351536204,0.446774155,0.894646764,2.13447493e-07,-0.00314510264,0.00157038192,0.999993801],"scale":0.999999881,"type":"utah2_guardrail1"}
{"pos":[-649.492188,392.065643,299.814392],"rotationMatrix":[0.911435664,-0.411402464,-0.00574714132,0.411409259,0.911450744,-2.50292942e-08,0.00523824617,-0.0023644045,0.99998349],"scale":1,"type":"utah2_guardrail1"}
{"pos":[-653.210266,393.66629,299.810608],"rotationMatrix":[0.92503494,-0.379835457,0.00594466226,0.379842192,0.925051332,4.55183908e-08,-0.00549913524,0.00225799158,0.999982357],"scale":1.00000012,"type":"utah2_guardrail1"}
{"pos":[-656.972412,395.141052,299.818817],"rotationMatrix":[0.936626852,-0.350302726,0.00426057586,0.350305885,0.936635375,9.26665962e-08,-0.00399063854,0.001492418,0.99999094],"scale":1,"type":"utah2_guardrail1"}
{"pos":[-660.772461,396.495789,299.814758],"rotationMatrix":[0.946974993,-0.321171433,-0.00933931675,0.32118544,0.947016299,1.60769559e-07,0.00884443428,-0.00299980491,0.999956369],"scale":1.00000012,"type":"utah2_guardrail1"}
{"pos":[-664.632507,397.737427,299.82251],"rotationMatrix":[0.956647992,-0.290868163,0.014842649,0.29090023,0.956753373,2.38185748e-07,-0.0142008243,0.00431750156,0.999889851],"scale":1.00000012,"type":"utah2_guardrail1"}
{"pos":[-668.5177,398.846497,299.745056],"rotationMatrix":[0.966222346,-0.257353842,0.0135418037,0.257377446,0.966310978,-3.23634595e-08,-0.0130855842,0.00348538603,0.999908328],"scale":1,"type":"utah2_guardrail1"}
{"pos":[-672.446533,399.812195,299.681183],"rotationMatrix":[0.975248873,-0.220012635,0.0220013745,0.220065892,0.975485027,-5.424954e-08,-0.0214620009,0.00484180544,0.999757946],"scale":1.00000012,"type":"utah2_guardrail1"}
{"pos":[-676.403564,400.62323,299.607544],"rotationMatrix":[0.98326242,-0.18121779,0.0188452676,0.181249976,0.983437061,8.40518624e-08,-0.0185331516,0.00341562158,0.999822438],"scale":1.00000012,"type":"utah2_guardrail1"}
{"pos":[-680.398315,401.272339,299.500854],"rotationMatrix":[0.98978579,-0.139047161,0.0314648114,0.139116034,0.990276098,3.14321369e-08,-0.0311588533,0.00437722821,0.999504864],"scale":1,"type":"utah2_guardrail1"}
{"pos":[-684.411499,401.740967,299.379028],"rotationMatrix":[0.995194316,-0.092247501,0.0328423865,0.0922972858,0.995731473,7.96280801e-08,-0.0327022038,0.00303118373,0.999460518],"scale":1,"type":"utah2_guardrail1"}
{"pos":[-688.44873,402.008606,299.211914],"rotationMatrix":[0.998089373,-0.0394025333,0.0475929677,0.0394472294,0.999221683,3.37604433e-08,-0.0475559235,0.00187737716,0.998866796],"scale":1,"type":"utah2_guardrail1"}
{"pos":[-692.48938,402.046631,298.998566],"rotationMatrix":[0.998152554,0.0211133864,0.0569710508,-0.0211477373,0.999776363,5.84986992e-08,-0.0569583103,-0.00120486715,0.998375833],"scale":1,"type":"utah2_guardrail1"}
{"pos":[-696.524048,401.82074,298.743805],"rotationMatrix":[0.993279159,0.0909085646,0.0716388747,-0.0911427662,0.995837808,2.38185748e-07,-0.0713406876,-0.00652960129,0.997430623],"scale":0.99999994,"type":"utah2_guardrail1"}
{"pos":[-700.522705,401.290802,298.440796],"rotationMatrix":[0.982068419,0.171096534,0.0791682899,-0.17163527,0.985160589,1.86730176e-07,-0.0779934525,-0.0135882534,0.996861279],"scale":1,"type":"utah2_guardrail1"}
{"pos":[-704.456299,400.412079,298.074097],"rotationMatrix":[0.960389137,0.263191342,0.0915588439,-0.264301479,0.964440107,-1.21071935e-08,-0.0883030295,-0.0241991244,0.995799661],"scale":1,"type":"utah2_guardrail1"}
{"pos":[-708.281372,399.132019,297.664764],"rotationMatrix":[0.9228158,0.366694301,0.118094407,-0.369278342,0.929318845,-1.80676579e-07,-0.109747417,-0.0436095372,0.993002355],"scale":1,"type":"utah2_guardrail1"}
{"pos":[-711.908813,397.412842,297.18869],"rotationMatrix":[0.86826992,0.480420381,0.123707913,-0.484139234,0.87499094,2.03028321e-07,-0.108243205,-0.0598920286,0.99231869],"scale":1,"type":"utah2_guardrail1"}
{"pos":[-715.26709,395.223267,296.657715],"rotationMatrix":[0.790646672,0.597517192,0.133607507,-0.602922857,0.797799468,2.08616257e-07,-0.106591873,-0.0805551931,0.991034329],"scale":1,"type":"utah2_guardrail1"}
{"pos":[-718.269897,392.565674,296.050354],"rotationMatrix":[0.68925488,0.705259085,0.165943593,-0.715174794,0.698945642,2.19792128e-07,-0.115985394,-0.118678838,0.986135244],"scale":1,"type":"utah2_guardrail1"}
{"pos":[-720.825439,389.504883,295.339935],"rotationMatrix":[0.575101733,0.79632777,0.18740347,-0.81069082,0.585474491,3.27825546e-07,-0.109719694,-0.151926458,0.982282996],"scale":1,"type":"utah2_guardrail1"}
{"pos":[-722.955811,386.153595,294.540497],"rotationMatrix":[0.491364181,0.846285164,0.205821916,-0.86480099,0.502114713,1.11758709e-07,-0.103346124,-0.177995056,0.978589475],"scale":1,"type":"utah2_guardrail1"}
{"pos":[-724.74707,382.631775,293.622833],"rotationMatrix":[0.390092254,0.889987528,0.2361148,-0.915883958,0.401442945,6.70552254e-08,-0.094786562,-0.216253787,0.971725166],"scale":1,"type":"utah2_guardrail1"}
{"pos":[-726.084473,378.941833,292.635437],"rotationMatrix":[0.276111901,0.928099036,0.249788493,-0.958482504,0.285151124,-1.34110451e-07,-0.0712275803,-0.239417881,0.968300402],"scale":1,"type":"utah2_guardrail1"}
{"pos":[-726.944336,375.121735,291.599121],"rotationMatrix":[0.157488644,0.950051904,0.269441545,-0.986537218,0.163536727,3.42726707e-07,-0.0440632477,-0.265814185,0.963016748],"scale":1,"type":"utah2_guardrail1"}
{"pos":[-727.370789,371.255341,290.483582],"rotationMatrix":[0.0654956102,0.957724929,0.280131042,-0.997669816,0.0682272911,2.98023224e-08,-0.0191125572,-0.279478282,0.959961772],"scale":1,"type":"utah2_guardrail1"}
{"pos":[-727.476379,367.377411,289.308319],"rotationMatrix":[-0.00362741947,0.953320384,0.301938832,-0.999992728,-0.00380504131,8.94069672e-08,0.00114898384,-0.301936626,0.953327298],"scale":1,"type":"utah2_guardrail1"}
{"pos":[-727.315308,363.53183,288.091461],"rotationMatrix":[-0.0715454817,0.953117609,0.294020534,-0.997194529,-0.0748540163,-5.96046448e-08,0.0220085979,-0.293195665,0.955799103],"scale":1,"type":"utah2_guardrail1"}
{"pos":[-726.929077,359.682312,286.925598],"rotationMatrix":[-0.109390736,0.950088501,0.292173803,-0.993436933,-0.11438179,5.96046448e-08,0.0334194154,-0.290256202,0.956365228],"scale":1,"type":"utah2_guardrail1"}
{"pos":[-726.423218,355.857086,285.698273],"rotationMatrix":[-0.140069723,0.942012846,0.304946274,-0.989125311,-0.147075057,-2.98023224e-08,0.044849962,-0.30163008,0.952369571],"scale":1,"type":"utah2_guardrail1"}
{"pos":[-725.809265,352.05481,284.440399],"rotationMatrix":[-0.157476068,0.933488607,0.32218045,-0.986067414,-0.166345835,-1.04308128e-07,0.0535933077,-0.317691684,0.946678281],"scale":1,"type":"utah2_guardrail1"}
{"pos":[-725.126953,348.283234,283.170685],"rotationMatrix":[-0.172348619,0.933417141,0.314687788,-0.983377397,-0.181573391,-4.47034836e-08,0.0571389049,-0.309456885,0.949195206],"scale":1,"type":"utah2_guardrail1"}
{"pos":[-724.470642,344.516235,281.844543],"rotationMatrix":[-0.153164506,0.933530152,0.324133039,-0.986806333,-0.161905527,-1.34110451e-07,0.0524787903,-0.319856524,0.946011543],"scale":1,"type":"utah2_guardrail1"}
