{"pos":[-893.19458,-1036.43896,120.073952],"rotationMatrix":[1,1.50995803e-07,4.96109926e-08,-1.50995803e-07,1,4.15625259e-08,-4.96109855e-08,-4.1562533e-08,1],"scale":1,"type":"utah2_guardrail2"}
{"pos":[-897.205933,-1036.43896,120.073944],"rotationMatrix":[1,1.50995803e-07,-3.468271e-08,-1.50995803e-07,1,4.15625294e-08,3.46827171e-08,-4.15625223e-08,1],"scale":0.99999994,"type":"utah2_guardrail2"}
{"pos":[-901.217407,-1036.43896,120.073952],"rotationMatrix":[1,3.89414367e-07,4.96109642e-08,-3.89414367e-07,1,-4.27311768e-08,-4.96109784e-08,4.27311555e-08,1],"scale":0.99999994,"type":"utah2_guardrail2"}
{"pos":[-905.22876,-1036.43896,120.073952],"rotationMatrix":[1,1.50995803e-07,4.96109926e-08,-1.50995803e-07,1,4.15625259e-08,-4.96109855e-08,-4.1562533e-08,1],"scale":1,"type":"utah2_guardrail2"}
{"pos":[-909.240112,-1036.43896,120.073952],"rotationMatrix":[1,1.50995803e-07,7.46412621e-09,-1.50995803e-07,1,-5.8432309e-10,-7.46412621e-09,5.8432198e-10,1],"scale":0.99999994,"type":"utah2_guardrail2"}
{"pos":[-610.787476,-668.141113,159.595139],"rotationMatrix":[-0.591207027,0.797411978,0.120864823,-0.803301036,-0.595573187,8.94069672e-08,0.0719839185,-0.0970907882,0.992668986],"scale":1,"type":"utah2_guardrail2"}
{"pos":[-608.565918,-671.496155,159.125046],"rotationMatrix":[-0.514287949,0.849806726,0.115482867,-0.855530679,-0.517751932,-2.38418579e-07,0.059791293,-0.0987992659,0.993309498],"scale":0.99999994,"type":"utah2_guardrail2"}
{"pos":[-606.578918,-674.991577,158.725327],"rotationMatrix":[-0.474714518,0.875644803,0.0888387784,-0.879120827,-0.476598978,-4.47034836e-08,0.0423404351,-0.0781000406,0.996046007],"scale":0.999999881,"type":"utah2_guardrail2"}
{"pos":[-604.696045,-678.570007,158.352631],"rotationMatrix":[-0.455592513,0.884709716,0.0986115783,-0.889042974,-0.457823873,-1.15483999e-07,0.0451466292,-0.0876699835,0.995126009],"scale":0.99999994,"type":"utah2_guardrail2"}
{"pos":[-602.854004,-682.160889,157.944778],"rotationMatrix":[-0.454030514,0.88535279,0.100033961,-0.889816105,-0.456319451,-1.11758709e-08,0.04564742,-0.0890118331,0.994984031],"scale":0.99999994,"type":"utah2_guardrail2"}
{"pos":[-601.013,-685.751282,157.541565],"rotationMatrix":[-0.453998327,0.885494888,0.0989161879,-0.889858902,-0.456235886,3.35276127e-08,0.0451291353,-0.0880214423,0.995095789],"scale":0.99999994,"type":"utah2_guardrail2"}
{"pos":[-599.171997,-689.342346,157.142044],"rotationMatrix":[-0.453978181,0.885583282,0.0982147753,-0.889885664,-0.456183672,2.23517418e-08,0.0448039919,-0.0873999149,0.995165229],"scale":0.99999994,"type":"utah2_guardrail2"}
{"pos":[-597.330933,-692.933899,156.744431],"rotationMatrix":[-0.453913927,0.885645747,0.0979483724,-0.889925003,-0.45610702,-2.64495611e-07,0.0446747094,-0.087166816,0.995191514],"scale":0.99999994,"type":"utah2_guardrail2"}
{"pos":[-595.490234,-696.525635,156.347198],"rotationMatrix":[-0.453869224,0.885668635,0.0979472473,-0.889947891,-0.456062198,-3.7252903e-08,0.0446700081,-0.0871679634,0.995191634],"scale":0.99999994,"type":"utah2_guardrail2"}
{"pos":[-593.649536,-700.117676,155.949951],"rotationMatrix":[-0.453802228,0.885702789,0.0979503393,-0.889982402,-0.455994964,2.98023224e-08,0.0446648858,-0.0871740654,0.995191276],"scale":0.99999994,"type":"utah2_guardrail2"}
{"pos":[-591.809204,-703.709717,155.552719],"rotationMatrix":[-0.453734636,0.885736942,0.0979538187,-0.890017033,-0.455927253,3.7252903e-08,0.0446598455,-0.0871805549,0.995190978],"scale":0.99999994,"type":"utah2_guardrail2"}
{"pos":[-589.969238,-707.301941,155.155457],"rotationMatrix":[-0.45366466,0.885772943,0.0979528278,-0.890053153,-0.455856919,0,0.044652462,-0.0871832222,0.995191038],"scale":0.99999994,"type":"utah2_guardrail2"}
{"pos":[-588.129517,-710.894287,154.75824],"rotationMatrix":[-0.453597546,0.885807514,0.0979496837,-0.890087605,-0.455789328,6.33299351e-08,0.044644475,-0.0871837735,0.995191395],"scale":0.99999994,"type":"utah2_guardrail2"}
{"pos":[-586.2901,-714.486877,154.360992],"rotationMatrix":[-0.453503728,0.885856152,0.0979447663,-0.890136003,-0.455694795,-5.58793545e-08,0.0446328707,-0.0871841908,0.995191872],"scale":0.99999994,"type":"utah2_guardrail2"}
{"pos":[-584.450989,-718.07959,153.96376],"rotationMatrix":[-0.45343864,0.885888934,0.0979503542,-0.890169501,-0.455629587,-8.94069672e-08,0.0446290076,-0.0871924534,0.995191276],"scale":0.99999994,"type":"utah2_guardrail2"}
{"pos":[-582.612183,-721.672424,153.566513],"rotationMatrix":[-0.453364134,0.885926545,0.0979542136,-0.890207589,-0.455554962,-2.60770321e-08,0.044623509,-0.0871995986,0.995190918],"scale":0.99999994,"type":"utah2_guardrail2"}
{"pos":[-580.773682,-725.265503,153.16925],"rotationMatrix":[-0.453267097,0.885976315,0.0979540795,-0.890257597,-0.455457449,6.33299351e-08,0.0446139611,-0.0872043371,0.995190918],"scale":0.99999994,"type":"utah2_guardrail2"}
{"pos":[-578.935608,-728.858643,152.772018],"rotationMatrix":[-0.453172684,0.886025429,0.0979466885,-0.890306354,-0.455362201,2.23517418e-08,0.0446012355,-0.0872025415,0.995191693],"scale":0.99999994,"type":"utah2_guardrail2"}
{"pos":[-577.0979,-732.452087,152.374771],"rotationMatrix":[-0.453069448,0.886078238,0.0979458019,-0.890359282,-0.455258489,-4.84287739e-08,0.0445906147,-0.0872069746,0.995191753],"scale":0.99999994,"type":"utah2_guardrail2"}
{"pos":[-575.26062,-736.045654,151.977524],"rotationMatrix":[-0.452968717,0.8861292,0.097950317,-0.89041096,-0.455157399,-5.96046448e-08,0.0445827618,-0.0872160643,0.995191276],"scale":0.99999994,"type":"utah2_guardrail2"}
{"pos":[-573.423706,-739.639526,151.580261],"rotationMatrix":[-0.452867389,0.886180997,0.0979512185,-0.890462995,-0.455055714,-6.70552254e-08,0.0445732027,-0.0872219652,0.995191216],"scale":0.99999994,"type":"utah2_guardrail2"}
{"pos":[-571.587158,-743.233521,151.183029],"rotationMatrix":[-0.452813268,0.886208713,0.0979499593,-0.89049083,-0.455001235,-6.70552254e-08,0.0445672944,-0.0872235671,0.995191336],"scale":0.99999994,"type":"utah2_guardrail2"}
{"pos":[-569.751038,-746.827698,150.785812],"rotationMatrix":[-0.452716112,0.886258721,0.0979466885,-0.890540719,-0.454903483,-1.04308128e-07,0.0445562005,-0.0872255638,0.995191634],"scale":0.99999994,"type":"utah2_guardrail2"}
{"pos":[-567.915283,-750.422302,150.388565],"rotationMatrix":[-0.452595353,0.886320055,0.0979498178,-0.890602648,-0.454782248,-4.47034836e-08,0.0445458032,-0.0872343779,0.995191336],"scale":0.999999881,"type":"utah2_guardrail2"}
{"pos":[-566.0802,-754.016907,149.991333],"rotationMatrix":[-0.452455759,0.886391938,0.0979442373,-0.890674412,-0.4546417,-1.04308128e-07,0.0445294455,-0.0872364715,0.995191932],"scale":0.99999994,"type":"utah2_guardrail2"}
{"pos":[-564.245483,-757.611938,149.594086],"rotationMatrix":[-0.452342153,0.886449695,0.097946018,-0.890732527,-0.454527617,-2.23517418e-08,0.0445191562,-0.0872437209,0.995191753],"scale":0.99999994,"type":"utah2_guardrail2"}
{"pos":[-562.411316,-761.207031,149.196869],"rotationMatrix":[-0.452215791,0.886514127,0.097947292,-0.890797436,-0.454400659,-1.34110451e-07,0.044507198,-0.0872512534,0.995191574],"scale":0.99999994,"type":"utah2_guardrail2"}
{"pos":[-560.577576,-764.802551,148.799622],"rotationMatrix":[-0.452061296,0.886592984,0.0979458615,-0.890876532,-0.454245448,-1.52736902e-07,0.0444913283,-0.0872577429,0.995191753],"scale":0.99999994,"type":"utah2_guardrail2"}
{"pos":[-558.744446,-768.398315,148.402405],"rotationMatrix":[-0.451927543,0.886660814,0.0979483053,-0.890944958,-0.454111099,-1.86264515e-08,0.0444794074,-0.0872665644,0.995191514],"scale":0.99999994,"type":"utah2_guardrail2"}
{"pos":[-556.911865,-771.994324,148.005157],"rotationMatrix":[-0.451791167,0.886730611,0.0979472697,-0.891014993,-0.453974128,1.2293458e-07,0.0444656163,-0.0872724205,0.995191634],"scale":0.99999994,"type":"utah2_guardrail2"}
{"pos":[-555.079956,-775.590637,147.60791],"rotationMatrix":[-0.451665282,0.886794209,0.0979517177,-0.891079307,-0.453847766,-1.11758709e-08,0.0444551483,-0.087282747,0.995191157],"scale":0.99999994,"type":"utah2_guardrail2"}
{"pos":[-553.248657,-779.187317,147.210663],"rotationMatrix":[-0.45147872,0.886889398,0.0979508609,-0.891174853,-0.45366025,2.23517418e-08,0.044436425,-0.0872913301,0.995191276],"scale":0.99999994,"type":"utah2_guardrail2"}
{"pos":[-551.417969,-782.784302,146.813446],"rotationMatrix":[-0.451346397,0.886957347,0.097944513,-0.891242564,-0.453526974,0,0.0444204658,-0.087292321,0.995191872],"scale":0.99999994,"type":"utah2_guardrail2"}
{"pos":[-549.58783,-786.381592,146.416199],"rotationMatrix":[-0.451177835,0.887043059,0.0979450122,-0.891328752,-0.453357697,-1.1920929e-07,0.0444040075,-0.0873012543,0.995191813],"scale":0.99999994,"type":"utah2_guardrail2"}
{"pos":[-547.758423,-789.97937,146.018982],"rotationMatrix":[-0.450996399,0.887135088,0.0979468897,-0.891421378,-0.453175426,-3.7252903e-09,0.0443871245,-0.0873119533,0.995191634],"scale":0.99999994,"type":"utah2_guardrail2"}
{"pos":[-545.92981,-793.577271,145.621735],"rotationMatrix":[-0.450822353,0.88722384,0.0979440659,-0.891510248,-0.453000426,-1.63912773e-07,0.0443685651,-0.0873182118,0.995191932],"scale":0.99999994,"type":"utah2_guardrail2"}
{"pos":[-544.101807,-797.175781,145.224518],"rotationMatrix":[-0.45065558,0.887308598,0.0979438648,-0.891595483,-0.452832937,2.12341547e-07,0.0443523899,-0.0873262137,0.995191932],"scale":0.99999994,"type":"utah2_guardrail2"}
{"pos":[-542.274658,-800.774536,144.827286],"rotationMatrix":[-0.450416327,0.887429714,0.0979461968,-0.891717315,-0.452592492,-1.11758709e-08,0.0443297178,-0.08734034,0.995191693],"scale":0.999999881,"type":"utah2_guardrail2"}
{"pos":[-540.448425,-804.373718,144.430084],"rotationMatrix":[-0.450185299,0.88754636,0.0979518965,-0.891835034,-0.45236063,-9.31322575e-08,0.0443095043,-0.0873569846,0.995191157],"scale":0.99999994,"type":"utah2_guardrail2"}
{"pos":[-538.622986,-807.97345,144.032852],"rotationMatrix":[-0.449946404,0.887668014,0.0979478732,-0.891956925,-0.452120423,-3.7252903e-09,0.0442842171,-0.0873652846,0.995191574],"scale":0.99999994,"type":"utah2_guardrail2"}
{"pos":[-536.798645,-811.573608,143.635635],"rotationMatrix":[-0.449723244,0.887781084,0.0979486629,-0.892070591,-0.451896191,0,0.0442626253,-0.0873771161,0.995191455],"scale":0.99999994,"type":"utah2_guardrail2"}
{"pos":[-534.97522,-815.174316,143.238373],"rotationMatrix":[-0.449510574,0.887889445,0.097941488,-0.892178833,-0.45168221,-1.86264515e-08,0.0442384146,-0.0873813331,0.99519217],"scale":0.99999994,"type":"utah2_guardrail2"}
{"pos":[-533.145264,-818.77124,142.844681],"rotationMatrix":[-0.45276475,0.886390805,0.0965151936,-0.890548348,-0.454888344,1.37835741e-07,0.0439037681,-0.0859513879,0.995331526],"scale":0.99999994,"type":"utah2_guardrail2"}
{"pos":[-531.3078,-822.366089,142.451691],"rotationMatrix":[-0.452544093,0.886367679,0.0977560803,-0.890633464,-0.454722047,-1.11758709e-08,0.0444518253,-0.0870648324,0.995210409],"scale":0.99999994,"type":"utah2_guardrail2"}
{"pos":[-529.479004,-825.965454,142.047409],"rotationMatrix":[-0.449155211,0.887670338,0.101494029,-0.892277896,-0.451486588,5.21540642e-08,0.0458232462,-0.0905608535,0.994836152],"scale":0.99999994,"type":"utah2_guardrail2"}
{"pos":[-527.636963,-829.547546,141.661087],"rotationMatrix":[-0.462656975,0.882464588,0.0848821998,-0.885660946,-0.4643327,-2.60770321e-07,0.0394133404,-0.0751769692,0.996390998],"scale":0.99999994,"type":"utah2_guardrail2"}
{"pos":[-525.734802,-833.092285,141.402725],"rotationMatrix":[-0.479585886,0.876559556,0.0405077972,-0.87727958,-0.479979873,-2.75671482e-07,0.0194426849,-0.0355367959,0.999179244],"scale":0.99999994,"type":"utah2_guardrail2"}
{"pos":[-523.776001,-836.634155,141.28038],"rotationMatrix":[-0.486982703,0.872925222,0.0291439258,-0.873296201,-0.487189651,-5.58793545e-09,0.0141986134,-0.025451282,0.999575198],"scale":0.999999881,"type":"utah2_guardrail2"}
{"pos":[-521.795166,-840.164246,141.177383],"rotationMatrix":[-0.490621805,0.871201813,0.017246332,-0.871331394,-0.490694761,-1.3038516e-08,0.00846267585,-0.015027279,0.999851286],"scale":0.99999994,"type":"utah2_guardrail2"}
{"pos":[-519.775757,-843.674255,141.145081],"rotationMatrix":[-0.51581502,0.856673777,0.00670246268,-0.85669297,-0.515826583,4.19095159e-09,0.00345731201,-0.00574195059,0.999977529],"scale":0.99999994,"type":"utah2_guardrail2"}
{"pos":[-517.575867,-847.080566,141.117004],"rotationMatrix":[-0.567935467,0.823043406,0.00698326342,-0.823063433,-0.567949295,5.84404916e-08,0.00396618806,-0.00574763585,0.999975622],"scale":0.99999994,"type":"utah2_guardrail2"}
{"pos":[-515.205811,-850.371704,141.08902],"rotationMatrix":[-0.601440668,0.798877716,0.00795458257,-0.798902988,-0.601459742,4.64497134e-07,0.00478473259,-0.00635466073,0.99996835],"scale":0.99999994,"type":"utah2_guardrail2"}
{"pos":[-512.634094,-853.512512,141.036194],"rotationMatrix":[-0.661895633,0.749389172,0.0176136997,-0.749505401,-0.661998272,5.28525561e-07,0.0116606336,-0.0132012125,0.999844849],"scale":1,"type":"utah2_guardrail2"}
{"pos":[-509.846863,-856.462097,140.94838],"rotationMatrix":[-0.70949924,0.7042467,0.0254451185,-0.704474747,-0.709729075,1.40629709e-07,0.0180592388,-0.0179253444,0.999676228],"scale":1,"type":"utah2_guardrail2"}
{"pos":[-506.880341,-859.229553,140.830658],"rotationMatrix":[-0.751214147,0.659258425,0.0324881636,-0.659606636,-0.751610875,4.42378223e-07,0.0244187526,-0.0214290768,0.999472141],"scale":0.99999994,"type":"utah2_guardrail2"}
{"pos":[-503.756989,-861.815552,140.687607],"rotationMatrix":[-0.785007596,0.618390799,0.0368229151,-0.618810534,-0.785540342,-1.17346644e-07,0.0289258119,-0.0227864999,0.999321818],"scale":0.99999994,"type":"utah2_guardrail2"}
{"pos":[-500.516022,-864.249329,140.535187],"rotationMatrix":[-0.812610388,0.581558824,0.0381283313,-0.581982017,-0.813201666,4.65661287e-08,0.0310060512,-0.0221899655,0.999272823],"scale":1,"type":"utah2_guardrail2"}
{"pos":[-497.162842,-866.524536,140.379852],"rotationMatrix":[-0.841129184,0.539479196,0.0382587537,-0.539874494,-0.841745496,-2.14204192e-08,0.0322041214,-0.0206549428,0.999267876],"scale":0.99999994,"type":"utah2_guardrail2"}
{"pos":[-493.687103,-868.605591,140.227112],"rotationMatrix":[-0.874182582,0.484209746,0.0366812907,-0.484535843,-0.874771357,4.65661287e-09,0.032087747,-0.0177733973,0.999327004],"scale":0.99999994,"type":"utah2_guardrail2"}
{"pos":[-490.075684,-870.440552,140.085846],"rotationMatrix":[-0.90346539,0.427328974,0.0337720886,-0.427572876,-0.90398097,-1.81607902e-08,0.0305293147,-0.0144400448,0.999429584],"scale":1,"type":"utah2_guardrail2"}
{"pos":[-486.376648,-872.097473,139.948929],"rotationMatrix":[-0.919290304,0.392098933,0.0341121182,-0.392327279,-0.919825554,6.19329512e-08,0.0313772261,-0.0133830588,0.99941802],"scale":1,"type":"utah2_guardrail2"}
{"pos":[-482.623657,-873.630859,139.806671],"rotationMatrix":[-0.930326343,0.364932984,0.0362880342,-0.365173489,-0.930939436,-1.53668225e-07,0.0337819047,-0.0132515701,0.999341369],"scale":0.99999994,"type":"utah2_guardrail2"}
{"pos":[-478.829926,-875.061401,139.652344],"rotationMatrix":[-0.939302087,0.340759426,0.0399346277,-0.341031462,-0.940051913,-7.54371285e-08,0.0375405997,-0.0136190355,0.999202311],"scale":1,"type":"utah2_guardrail2"}
{"pos":[-475.003052,-876.393433,139.491058],"rotationMatrix":[-0.947875023,0.316166669,0.039644707,-0.316415399,-0.948620796,3.86498868e-08,0.0376078002,-0.0125441588,0.999213815],"scale":0.99999994,"type":"utah2_guardrail2"}
{"pos":[-471.140686,-877.619995,139.329636],"rotationMatrix":[-0.9567765,0.288042486,0.0401252285,-0.288274646,-0.957547665,-8.33533704e-08,0.0384218022,-0.0115671661,0.999194682],"scale":1,"type":"utah2_guardrail2"}
{"pos":[-467.238831,-878.716187,139.163925],"rotationMatrix":[-0.967244864,0.250371009,0.0418516658,-0.250590533,-0.968093157,1.43423676e-07,0.0405163504,-0.0104874941,0.999123812],"scale":0.99999994,"type":"utah2_guardrail2"}
{"pos":[-463.286865,-879.615479,138.986679],"rotationMatrix":[-0.981171608,0.187660336,0.0456739925,-0.187856406,-0.982196569,-2.15601176e-07,0.0448607989,-0.00858036242,0.998956382],"scale":0.99999994,"type":"utah2_guardrail2"}
{"pos":[-459.292542,-880.278809,138.813446],"rotationMatrix":[-0.988803506,0.143450052,0.0411051102,-0.143571407,-0.989639878,-5.70435077e-08,0.0406792499,-0.00590157509,0.999154806],"scale":0.99999994,"type":"utah2_guardrail2"}
{"pos":[-455.272644,-880.793823,138.645126],"rotationMatrix":[-0.992766261,0.112222373,0.0426743627,-0.1123247,-0.993671536,8.80099833e-08,0.0424043089,-0.0047932975,0.999089062],"scale":0.99999994,"type":"utah2_guardrail2"}
{"pos":[-451.238251,-881.196045,138.461716],"rotationMatrix":[-0.995037436,0.0869797096,0.0483245328,-0.0870814547,-0.996201277,-3.77185643e-08,0.0481409505,-0.0042082076,0.998831689],"scale":1,"type":"utah2_guardrail2"}
{"pos":[-447.197113,-881.501709,138.251099],"rotationMatrix":[-0.996550798,0.063551046,0.0533621088,-0.0636417344,-0.997972727,-2.88709998e-07,0.0532539189,-0.00339634507,0.998575211],"scale":0.99999994,"type":"utah2_guardrail2"}
{"pos":[-443.15271,-881.710999,138.035294],"rotationMatrix":[-0.997754097,0.0403198712,0.0534884371,-0.0403776951,-0.999184489,-4.71482053e-07,0.053444799,-0.0021602104,0.998568475],"scale":0.99999994,"type":"utah2_guardrail2"}
{"pos":[-439.103516,-881.829224,137.813675],"rotationMatrix":[-0.998249054,0.0183436852,0.0562340245,-0.0183727574,-0.9998312,4.13274392e-09,0.0562245324,-0.00103316992,0.998417616],"scale":1,"type":"utah2_guardrail2"}
{"pos":[-435.052032,-881.857666,137.574738],"rotationMatrix":[-0.998060942,-0.00416235533,0.0621066988,0.00417041872,-0.999991417,1.99623173e-07,0.0621061549,0.000259210152,0.998069525],"scale":1,"type":"utah2_guardrail2"}
{"pos":[-431.003571,-881.781555,137.30751],"rotationMatrix":[-0.996942759,-0.0402724855,0.0669585839,0.0403630994,-0.999185085,3.92203219e-07,0.0669040009,0.00270304689,0.997755766],"scale":1,"type":"utah2_guardrail2"}
{"pos":[-426.967468,-881.504639,137.039429],"rotationMatrix":[-0.993339539,-0.0945695043,0.0658281595,0.0947750956,-0.995498776,3.53436917e-07,0.0655318201,0.00623922097,0.997830987],"scale":0.999999881,"type":"utah2_guardrail2"}
{"pos":[-422.949249,-881.018921,136.768738],"rotationMatrix":[-0.987393022,-0.14282687,0.0682335198,0.143160537,-0.989699602,1.70897692e-07,0.0675306618,0.00976851769,0.997669399],"scale":1.00000012,"type":"utah2_guardrail2"}
{"pos":[-418.955994,-880.353027,136.480515],"rotationMatrix":[-0.980312586,-0.182889223,0.0744210333,0.18339783,-0.983038664,1.76485628e-07,0.0731587261,0.0136488285,0.997226894],"scale":1,"type":"utah2_guardrail2"}
{"pos":[-415.000366,-879.515625,136.175537],"rotationMatrix":[-0.969900846,-0.232043073,0.0738125369,0.232677802,-0.972553849,1.32247806e-07,0.0717866346,0.0171746667,0.997272134],"scale":1,"type":"utah2_guardrail2"}
{"pos":[-411.09259,-878.477966,135.881577],"rotationMatrix":[-0.958098173,-0.277379632,0.0714721009,0.278090835,-0.960554719,6.89178705e-08,0.0686528459,0.0198758021,0.997442603],"scale":1,"type":"utah2_guardrail2"}
{"pos":[-407.231079,-877.27417,135.593613],"rotationMatrix":[-0.946689248,-0.314255118,0.0708733648,0.315047383,-0.949075937,-4.56348062e-08,0.0672642142,0.0223284252,0.99748534],"scale":1.00000024,"type":"utah2_guardrail2"}
{"pos":[-403.411621,-875.940247,135.303757],"rotationMatrix":[-0.938190699,-0.338515192,0.0721500441,0.339399725,-0.940642238,7.07805157e-08,0.067867361,0.024487773,0.997393787],"scale":1,"type":"utah2_guardrail2"}
{"pos":[-399.615967,-874.542664,135.011139],"rotationMatrix":[-0.933737516,-0.350698024,0.0717306584,0.351603776,-0.936149001,9.77888703e-08,0.0671505481,0.0252208598,0.997424066],"scale":1,"type":"utah2_guardrail2"}
{"pos":[-395.840454,-873.094238,134.725525],"rotationMatrix":[-0.928979397,-0.363689959,0.0687507018,0.364552557,-0.931182742,-3.25962901e-08,0.0640194789,0.025063213,0.997633874],"scale":0.999999881,"type":"utah2_guardrail2"}
{"pos":[-392.082947,-871.595947,134.455872],"rotationMatrix":[-0.927144527,-0.368828356,0.0660981536,0.369636714,-0.92917645,-4.56348062e-08,0.0614168607,0.0244322605,0.997813106],"scale":1,"type":"utah2_guardrail2"}
{"pos":[-388.279144,-870.203247,134.165863],"rotationMatrix":[-0.948262691,-0.307787716,0.0778748393,0.308725238,-0.951151252,-3.4365803e-07,0.074070856,0.0240416043,0.996963143],"scale":1,"type":"utah2_guardrail2"}
{"pos":[-384.373505,-869.146851,133.822815],"rotationMatrix":[-0.971898317,-0.217594057,0.089811936,0.218476981,-0.975841999,9.31322575e-08,0.0876422524,0.0196219329,0.995958745],"scale":0.99999994,"type":"utah2_guardrail2"}
{"pos":[-625.14093,-598.011597,168.327728],"rotationMatrix":[0.540356398,-0.839115679,-0.0624490902,0.840756714,0.541413069,1.47894025e-06,0.0338095129,-0.052505292,0.998048127],"scale":0.999999881,"type":"utah2_guardrail2"}
{"pos":[-626.93457,-594.483521,168.771194],"rotationMatrix":[0.386336088,-0.912687063,-0.133216679,0.9208951,0.389810503,-2.19792128e-07,0.0519294702,-0.122678503,0.99108696],"scale":1,"type":"utah2_guardrail2"}
{"pos":[-628.417969,-590.784546,169.314194],"rotationMatrix":[0.358547986,-0.922475576,-0.143116057,0.932070374,0.362277329,7.4505806e-08,0.051847633,-0.133394271,0.98970592],"scale":1,"type":"utah2_guardrail2"}
{"pos":[-629.848389,-587.083252,169.932816],"rotationMatrix":[0.355177701,-0.920196474,-0.164582193,0.93291837,0.36008811,-4.47034836e-08,0.0592641458,-0.153541729,0.986363351],"scale":0.999999821,"type":"utah2_guardrail2"}
{"pos":[-631.314209,-583.38324,170.582642],"rotationMatrix":[0.376372337,-0.913297951,-0.155662417,0.924568117,0.381016791,3.7252903e-08,0.0593099669,-0.143920511,0.987810314],"scale":1,"type":"utah2_guardrail2"}
{"pos":[-632.887451,-579.730347,171.211716],"rotationMatrix":[0.407662809,-0.899504423,-0.157171458,0.910824776,0.412793279,9.68575478e-08,0.0648792386,-0.143155694,0.987571359],"scale":1.00000012,"type":"utah2_guardrail2"}
{"pos":[-634.605591,-576.132324,171.819077],"rotationMatrix":[0.446566164,-0.882626176,-0.146797717,0.892292857,0.451457024,7.4505806e-08,0.0662727952,-0.130986586,0.989166558],"scale":1.00000012,"type":"utah2_guardrail2"}
{"pos":[-636.480591,-572.627502,172.423538],"rotationMatrix":[0.487667918,-0.85839653,-0.159171209,0.869481564,0.493965507,-1.1920929e-07,0.0786251873,-0.138396367,0.987250984],"scale":1,"type":"utah2_guardrail2"}
{"pos":[-638.531372,-569.211487,173.057129],"rotationMatrix":[0.531039357,-0.834628761,-0.146260336,0.84370178,0.536812127,2.57045031e-07,0.078514114,-0.123400256,0.98924613],"scale":1,"type":"utah2_guardrail2"}
{"pos":[-640.755493,-565.888184,173.599121],"rotationMatrix":[0.571282268,-0.810142696,-0.131549701,0.817244947,0.576290488,-1.11758709e-08,0.0758108497,-0.107508317,0.991309583],"scale":1.00000012,"type":"utah2_guardrail2"}
{"pos":[-643.126892,-562.672546,174.122589],"rotationMatrix":[0.605879307,-0.785249829,-0.12764439,0.791726112,0.610876203,2.4959445e-07,0.0779747367,-0.101059556,0.991819978],"scale":0.999999881,"type":"utah2_guardrail2"}
{"pos":[-645.600464,-559.542969,174.649872],"rotationMatrix":[0.621544957,-0.771703362,-0.134743288,0.778805614,0.627265334,-3.7252903e-08,0.0845198184,-0.104938805,0.990880549],"scale":1.00000012,"type":"utah2_guardrail2"}
{"pos":[-648.137268,-556.449524,175.175797],"rotationMatrix":[0.636895597,-0.761348248,-0.121296242,0.767011642,0.641633153,2.60770321e-07,0.0778274834,-0.0930357948,0.992616355],"scale":1,"type":"utah2_guardrail2"}
{"pos":[-650.732605,-553.407776,175.66069],"rotationMatrix":[0.652316332,-0.748205125,-0.121129915,0.753755271,0.657155156,-1.75088644e-07,0.0796012878,-0.0913022012,0.992636681],"scale":1.00000012,"type":"utah2_guardrail2"}
{"pos":[-653.395203,-550.41687,176.135529],"rotationMatrix":[0.668896616,-0.734807611,-0.112405941,0.739494205,0.673162878,2.23517418e-08,0.0756674856,-0.0831235647,0.993662357],"scale":1.00000012,"type":"utah2_guardrail2"}
{"pos":[-656.122253,-547.483887,176.579239],"rotationMatrix":[0.684911847,-0.720392227,-0.109228484,0.724728465,0.689034581,2.98023224e-08,0.0752621815,-0.0791610107,0.994016647],"scale":1,"type":"utah2_guardrail2"}
{"pos":[-658.907227,-544.614075,177.026886],"rotationMatrix":[0.699241698,-0.705359399,-0.116314769,0.710179865,0.704020321,-6.33299351e-08,0.0818880051,-0.0826043636,0.993212402],"scale":1,"type":"utah2_guardrail2"}
{"pos":[-661.747314,-541.803345,177.512939],"rotationMatrix":[0.712450862,-0.691262186,-0.120707944,0.696353853,0.717698574,5.96046448e-08,0.0866318792,-0.0840554833,0.99268806],"scale":1,"type":"utah2_guardrail2"}
{"pos":[-664.648926,-539.035156,177.968979],"rotationMatrix":[0.724287748,-0.681430936,-0.105162732,0.685230494,0.728326261,6.70552254e-08,0.0765927359,-0.0720607564,0.99445504],"scale":1,"type":"utah2_guardrail2"}
{"pos":[-667.574341,-536.303711,178.395065],"rotationMatrix":[0.729241431,-0.675308406,-0.110297248,0.679454029,0.733718157,-1.15483999e-07,0.0809271634,-0.0749418288,0.99389863],"scale":1,"type":"utah2_guardrail2"}
{"pos":[-670.511963,-533.605347,178.881546],"rotationMatrix":[0.733448207,-0.667694688,-0.12742655,0.673182487,0.739476442,1.11758709e-08,0.0942289233,-0.0857813209,0.991847992],"scale":0.99999994,"type":"utah2_guardrail2"}
{"pos":[-673.484192,-530.923889,179.374161],"rotationMatrix":[0.740685642,-0.661528468,-0.117323764,0.666128993,0.745836616,1.86264515e-08,0.0875043496,-0.0781527609,0.993093729],"scale":1.00000012,"type":"utah2_guardrail2"}
{"pos":[-676.486206,-528.270508,179.830978],"rotationMatrix":[0.748651564,-0.654011965,-0.108578175,0.657901525,0.753103971,1.71363354e-07,0.0817705393,-0.071433872,0.994087934],"scale":0.99999994,"type":"utah2_guardrail2"}
{"pos":[-679.518005,-525.654785,180.261505],"rotationMatrix":[0.757155538,-0.644043863,-0.109192312,0.647918046,0.761710048,2.60770321e-08,0.0831728578,-0.0707476884,0.994020641],"scale":1.00000012,"type":"utah2_guardrail2"}
{"pos":[-682.578247,-523.091919,180.737442],"rotationMatrix":[0.766443014,-0.630328774,-0.123493731,0.635190964,0.772355139,4.84287739e-08,0.0953809917,-0.0784421414,0.992345333],"scale":0.999999881,"type":"utah2_guardrail2"}
{"pos":[-685.691528,-520.583862,181.231293],"rotationMatrix":[0.780342042,-0.613260508,-0.122384205,0.617905378,0.786252499,-8.94069672e-08,0.0962249339,-0.0756217912,0.992482781],"scale":1,"type":"utah2_guardrail2"}
{"pos":[-688.87085,-518.166199,181.732254],"rotationMatrix":[0.800385714,-0.586021423,-0.126339421,0.590755105,0.80685091,2.08616257e-07,0.101936951,-0.0746358335,0.99198705],"scale":1,"type":"utah2_guardrail2"}
{"pos":[-692.125488,-515.840393,182.2314],"rotationMatrix":[0.813671768,-0.568865061,-0.119711384,0.57298553,0.819565475,7.82310963e-08,0.0981112719,-0.0685929507,0.992808759],"scale":1,"type":"utah2_guardrail2"}
{"pos":[-695.421448,-513.572266,182.703125],"rotationMatrix":[0.82209599,-0.556973398,-0.11806301,0.560896218,0.827886105,8.56816769e-08,0.0977426842,-0.0662211627,0.99300611],"scale":1,"type":"utah2_guardrail2"}
{"pos":[-698.742859,-511.350891,183.18779],"rotationMatrix":[0.828272343,-0.546661437,-0.122988775,0.550843418,0.834608614,-1.86264515e-08,0.102647498,-0.0677475333,0.992408037],"scale":0.999999821,"type":"utah2_guardrail2"}
{"pos":[-702.087585,-509.169861,183.694443],"rotationMatrix":[0.833966076,-0.536776185,-0.127952501,0.541224957,0.840877891,4.84287739e-08,0.107592396,-0.0692511201,0.991780281],"scale":1.00000012,"type":"utah2_guardrail2"}
{"pos":[-705.458313,-507.027893,184.212067],"rotationMatrix":[0.840412498,-0.52636081,-0.129039362,0.530798495,0.847498,-1.1920929e-07,0.109360665,-0.0684938058,0.991639495],"scale":1,"type":"utah2_guardrail2"}
{"pos":[-708.857544,-504.931763,184.733154],"rotationMatrix":[0.848222017,-0.513529003,-0.129643217,0.517899692,0.855441332,4.84287739e-08,0.110902138,-0.0671422184,0.991560698],"scale":1,"type":"utah2_guardrail2"}
{"pos":[-712.293701,-502.89679,185.255005],"rotationMatrix":[0.859255254,-0.494742841,-0.130038306,0.498979658,0.866613686,-4.47034836e-08,0.112692997,-0.0648864359,0.991508961],"scale":0.999999821,"type":"utah2_guardrail2"}
{"pos":[-715.784058,-500.968109,185.789215],"rotationMatrix":[0.878771663,-0.456997156,-0.137527779,0.461381257,0.887201965,4.84287739e-08,0.122014895,-0.0634527802,0.990497887],"scale":1,"type":"utah2_guardrail2"}
{"pos":[-719.087402,-498.694977,186.263367],"rotationMatrix":[0.767181277,-0.633088648,-0.103109822,0.636481106,0.771292329,-3.46451998e-07,0.0795280337,-0.0656271875,0.994669974],"scale":1.00000024,"type":"utah2_guardrail2"}
{"pos":[-597.989502,320.964935,299.6474],"rotationMatrix":[0.28701061,-0.955536067,-0.0676446855,0.957729757,0.287669539,5.96046448e-08,0.0194592588,-0.0647853389,0.997709453],"scale":0.99999994,"type":"utah2_guardrail2"}
{"pos":[-599.143494,324.858887,299.821381],"rotationMatrix":[0.283200324,-0.958756506,-0.0241559297,0.95903641,0.283282995,1.21071935e-08,0.00684295315,-0.0231664181,0.999708176],"scale":0.99999994,"type":"utah2_guardrail2"}
{"pos":[-600.302612,328.733398,299.918213],"rotationMatrix":[0.291356504,-0.956445396,-0.0179886036,0.95660013,0.291403651,8.38190317e-08,0.00524186483,-0.0172079261,0.999838173],"scale":1.00000024,"type":"utah2_guardrail2"}
{"pos":[-601.510254,332.597107,299.962219],"rotationMatrix":[0.305927753,-0.952034295,-0.00624687644,0.952052891,0.305933714,8.54488462e-08,0.00191104924,-0.00594738219,0.999980509],"scale":0.99999994,"type":"utah2_guardrail2"}
{"pos":[-602.781982,336.428497,299.99118],"rotationMatrix":[0.327337682,-0.944786847,-0.0150921065,0.944894493,0.327374935,8.66129994e-08,0.00494069606,-0.0142604765,0.999886096],"scale":0.99999994,"type":"utah2_guardrail2"}
{"pos":[-604.180847,340.238098,299.989105],"rotationMatrix":[0.363007605,-0.931648195,0.016032245,0.931768,0.363054276,-3.7252903e-09,-0.00582057191,0.0149383349,0.999871492],"scale":1.00000012,"type":"utah2_guardrail2"}
{"pos":[-605.725952,343.966614,299.985504],"rotationMatrix":[0.402258337,-0.915508389,0.00571089936,0.915523291,0.402264893,3.28989699e-07,-0.00229759561,0.00522832945,0.999983668],"scale":0.99999994,"type":"utah2_guardrail2"}
{"pos":[-607.424133,347.631073,299.949707],"rotationMatrix":[0.437318921,-0.899306059,0.000875253347,0.899306417,0.4373191,6.50179572e-08,-0.00038282352,0.000787092489,0.999999642],"scale":1,"type":"utah2_guardrail2"}
{"pos":[-609.245789,351.234375,299.966125],"rotationMatrix":[0.464433312,-0.885582805,-0.00669384748,0.885602593,0.464443684,2.48197466e-07,0.00310869538,-0.00592820393,0.999977589],"scale":1,"type":"utah2_guardrail2"}
{"pos":[-611.178833,354.789551,299.962585],"rotationMatrix":[0.490512073,-0.87143141,0.0023089766,0.871433675,0.490513384,7.50878826e-08,-0.00113264937,0.00201208331,0.999997318],"scale":1.00000012,"type":"utah2_guardrail2"}
{"pos":[-613.208008,358.278015,299.983032],"rotationMatrix":[0.514863908,-0.857224703,-0.00900268927,0.857259393,0.51488477,4.42378223e-09,0.00463534333,-0.007717642,0.999959469],"scale":1,"type":"utah2_guardrail2"}
{"pos":[-615.342285,361.721771,299.983124],"rotationMatrix":[0.53861928,-0.842501402,0.00898272917,0.842535377,0.538640976,4.56348062e-08,-0.00483850436,0.00756824203,0.999959648],"scale":1.00000024,"type":"utah2_guardrail2"}
{"pos":[-617.567505,365.094635,299.948944],"rotationMatrix":[0.562781096,-0.826574028,0.00727244653,0.826595843,0.562795937,7.42729753e-08,-0.00409296434,0.00601133239,0.999973536],"scale":1.00000012,"type":"utah2_guardrail2"}
{"pos":[-619.893799,368.399841,299.920624],"rotationMatrix":[0.588676512,-0.808333457,0.00755359791,0.808356464,0.588693261,-7.35744834e-08,-0.00444669276,0.00610604323,0.999971449],"scale":0.99999994,"type":"utah2_guardrail2"}
{"pos":[-622.332275,371.625305,299.890015],"rotationMatrix":[0.618030846,-0.786079049,0.0108431093,0.786125302,0.618067145,2.43075192e-07,-0.00670196116,0.00852389168,0.99994123],"scale":1.00000024,"type":"utah2_guardrail2"}
{"pos":[-624.894531,374.739197,299.862762],"rotationMatrix":[0.65479964,-0.755782187,-0.00554251252,0.75579375,0.654809713,2.62865797e-07,0.00362909189,-0.00418916903,0.999984622],"scale":1,"type":"utah2_guardrail2"}
{"pos":[-627.674561,377.683014,299.845276],"rotationMatrix":[0.715141356,-0.698912799,0.00967853516,0.698945582,0.715174854,1.15251169e-07,-0.00692192512,0.00676468667,0.999953151],"scale":1.00000012,"type":"utah2_guardrail2"}
{"pos":[-630.658936,380.399048,299.829681],"rotationMatrix":[0.761769772,-0.647846818,-0.00112730905,0.647847176,0.761770308,8.15780368e-08,0.000858697691,-0.000730386237,0.999999344],"scale":0.99999994,"type":"utah2_guardrail2"}
{"pos":[-633.81543,382.921326,299.82785],"rotationMatrix":[0.799244285,-0.601000369,-0.00266600284,0.601002514,0.799247146,1.32480636e-07,0.00213071541,-0.00160238007,0.999996424],"scale":1,"type":"utah2_guardrail2"}
{"pos":[-637.114685,385.263123,299.825806],"rotationMatrix":[0.830655634,-0.556758165,0.00562050426,0.556766987,0.830668747,1.17230229e-07,-0.00466884254,0.00312921358,0.999984205],"scale":1,"type":"utah2_guardrail2"}
{"pos":[-640.527771,387.425049,299.805084],"rotationMatrix":[0.858161926,-0.513370454,0.00298571936,0.513372719,0.858165741,1.3387762e-08,-0.00256224885,0.00153277523,0.99999553],"scale":1,"type":"utah2_guardrail2"}
{"pos":[-644.04364,389.408569,299.821625],"rotationMatrix":[0.883293152,-0.468787193,-0.00563362334,0.468794644,0.883307219,6.23986125e-08,0.00497619063,-0.00264106737,0.999984145],"scale":0.99999994,"type":"utah2_guardrail2"}
{"pos":[-647.66272,391.219391,299.814301],"rotationMatrix":[0.903547287,-0.428469568,0.00402101688,0.428473026,0.903554559,1.58324838e-08,-0.00363321486,0.00172288273,0.999991894],"scale":1.00000012,"type":"utah2_guardrail2"}
{"pos":[-651.345947,392.88266,299.823486],"rotationMatrix":[0.918566883,-0.395251334,0.00336094177,0.395253539,0.918572068,1.80967618e-07,-0.00308733876,0.00132825808,0.999994338],"scale":1,"type":"utah2_guardrail2"}
{"pos":[-655.077087,394.415314,299.81311],"rotationMatrix":[0.930987477,-0.364870787,-0.0114740795,0.364894807,0.931048751,5.96046448e-08,0.010682906,-0.00418688729,0.999934196],"scale":0.99999994,"type":"utah2_guardrail2"}
{"pos":[-658.870361,395.834167,299.80777],"rotationMatrix":[0.941936851,-0.335770041,0.00367431901,0.335772306,0.941943169,-3.69618647e-08,-0.00346098747,0.00123376935,0.999993265],"scale":0.99999994,"type":"utah2_guardrail2"}
{"pos":[-662.693909,397.130859,299.83075],"rotationMatrix":[0.951923132,-0.306306958,-0.00428754278,0.30630976,0.951931894,8.03265721e-08,0.00408142433,-0.00131339277,0.999990821],"scale":0.99999994,"type":"utah2_guardrail2"}
{"pos":[-666.573303,398.309723,299.778046],"rotationMatrix":[0.961331367,-0.274659246,0.0201082192,0.274714798,0.961525738,-4.98257577e-08,-0.0193345584,0.0055240728,0.999797821],"scale":1.00000012,"type":"utah2_guardrail2"}
{"pos":[-670.475403,399.347778,299.719574],"rotationMatrix":[0.971004009,-0.238670528,0.0136958519,0.238692909,0.971095085,1.53668225e-08,-0.0132999783,0.00326908799,0.999906182],"scale":1,"type":"utah2_guardrail2"}
{"pos":[-674.419556,400.23703,299.639099],"rotationMatrix":[0.97944212,-0.200943142,0.0177461933,0.200974792,0.979596436,-4.78466973e-08,-0.0173840988,0.00356658455,0.999842525],"scale":1,"type":"utah2_guardrail2"}
{"pos":[-678.398621,400.969299,299.560516],"rotationMatrix":[0.986648262,-0.160623029,0.0269336291,0.160681322,0.987006366,9.38307494e-08,-0.026583679,0.00432763901,0.999637246],"scale":0.99999994,"type":"utah2_guardrail2"}
{"pos":[-682.400513,401.53009,299.440308],"rotationMatrix":[0.99278754,-0.116322197,0.0290185753,0.116371207,0.993205786,1.16066076e-07,-0.0288214292,0.00337681128,0.999578893],"scale":1,"type":"utah2_guardrail2"}
{"pos":[-686.42981,401.901703,299.302856],"rotationMatrix":[0.996877313,-0.0666517466,0.0423460566,0.0667115897,0.997772276,6.56582415e-08,-0.0422517247,0.00282490719,0.99910301],"scale":0.99999994,"type":"utah2_guardrail2"}
{"pos":[-690.469299,402.058319,299.110199],"rotationMatrix":[0.998551667,-0.0102078971,0.0528239459,0.0102221649,0.999947727,9.14151315e-08,-0.0528211892,0.000539883855,0.998603821],"scale":1,"type":"utah2_guardrail2"}
{"pos":[-694.508057,401.969177,298.878632],"rotationMatrix":[0.996559203,0.054768838,0.0622100011,-0.0548751354,0.998493254,1.00699253e-07,-0.0621162578,-0.00341388257,0.998063087],"scale":1,"type":"utah2_guardrail2"}
{"pos":[-698.528015,401.596497,298.593597],"rotationMatrix":[0.98880142,0.129756927,0.0737219676,-0.130110979,0.991499424,3.30619514e-08,-0.0730952844,-0.00959207118,0.99727881],"scale":1,"type":"utah2_guardrail2"}
{"pos":[-702.506226,400.896973,298.265076],"rotationMatrix":[0.971823931,0.215359807,0.0958041921,-0.216355056,0.976314783,4.74974513e-07,-0.093534939,-0.0207281802,0.99540019],"scale":0.99999994,"type":"utah2_guardrail2"}
{"pos":[-706.384705,399.825928,297.884613],"rotationMatrix":[0.94443953,0.313657969,0.0982483104,-0.315182835,0.949030995,1.43423676e-07,-0.0932406411,-0.0309663154,0.995161951],"scale":1,"type":"utah2_guardrail2"}
{"pos":[-710.120422,398.331207,297.429932],"rotationMatrix":[0.898686826,0.42294836,0.116089188,-0.425827503,0.904804349,2.40281224e-07,-0.105037905,-0.049434185,0.993238807],"scale":1,"type":"utah2_guardrail2"}
{"pos":[-713.62915,396.376526,296.924591],"rotationMatrix":[0.831806779,0.538900733,0.132979199,-0.543729663,0.839260459,-2.64495611e-07,-0.111604318,-0.072304517,0.991118848],"scale":1,"type":"utah2_guardrail2"}
{"pos":[-716.820312,393.949585,296.37384],"rotationMatrix":[0.742698133,0.65297097,0.148419738,-0.660283983,0.751016021,3.87430191e-07,-0.111465342,-0.097999461,0.988924444],"scale":1,"type":"utah2_guardrail2"}
{"pos":[-719.605164,391.082275,295.706329],"rotationMatrix":[0.63352263,0.753782749,0.174529791,-0.765532255,0.64339757,3.50177288e-07,-0.112291783,-0.133608401,0.984651923],"scale":0.99999994,"type":"utah2_guardrail2"}
{"pos":[-721.928345,387.851379,294.946259],"rotationMatrix":[0.525223255,0.827740431,0.197449461,-0.844363332,0.535770953,4.47034836e-08,-0.10578765,-0.166719109,0.980313063],"scale":0.99999994,"type":"utah2_guardrail2"}
{"pos":[-723.907593,384.410187,294.099121],"rotationMatrix":[0.446795046,0.864269257,0.231112003,-0.888318658,0.459227562,4.47034836e-07,-0.106132627,-0.2053013,0.972927153],"scale":0.99999994,"type":"utah2_guardrail2"}
{"pos":[-725.473999,380.805115,293.138916],"rotationMatrix":[0.334840894,0.910338879,0.243237942,-0.938525915,0.345208645,1.63912773e-07,-0.0839676857,-0.228285179,0.96996665],"scale":0.99999994,"type":"utah2_guardrail2"}
{"pos":[-726.574219,377.045746,292.128357],"rotationMatrix":[0.216145635,0.942810237,0.253751516,-0.974713147,0.223459482,3.27825546e-07,-0.0567028672,-0.247335047,0.967269421],"scale":0.99999994,"type":"utah2_guardrail2"}
{"pos":[-727.203003,373.192169,291.045135],"rotationMatrix":[0.107625961,0.955313265,0.275305867,-0.993713677,0.111952126,2.68220901e-07,-0.0308208242,-0.273575217,0.961356699],"scale":0.99999994,"type":"utah2_guardrail2"}
{"pos":[-727.457764,369.315308,289.908691],"rotationMatrix":[0.0268394351,0.957276344,0.287926674,-0.999607205,0.0280262232,1.93715096e-07,-0.00806930661,-0.287813604,0.95765245],"scale":0.99999994,"type":"utah2_guardrail2"}
{"pos":[-727.430176,365.451782,288.694794],"rotationMatrix":[-0.0367976427,0.952255189,0.3030774,-0.999254167,-0.0386137962,4.47034836e-08,0.0117030293,-0.302851379,0.952965915],"scale":1,"type":"utah2_guardrail2"}
{"pos":[-727.138855,361.609131,287.509399],"rotationMatrix":[-0.0951851606,0.953372538,0.286392272,-0.995052874,-0.0993465185,1.04308128e-07,0.0284522027,-0.284975469,0.958112419],"scale":1,"type":"utah2_guardrail2"}
{"pos":[-726.69165,357.759888,286.317902],"rotationMatrix":[-0.122019172,0.943446279,0.308253825,-0.991739869,-0.128265262,1.78813934e-07,0.0395384282,-0.305707604,0.951304138],"scale":1,"type":"utah2_guardrail2"}
{"pos":[-726.125,353.954224,285.078888],"rotationMatrix":[-0.151679754,0.938921034,0.308902144,-0.987201273,-0.15947926,1.04308128e-07,0.0492636114,-0.304948568,0.951093793],"scale":0.99999994,"type":"utah2_guardrail2"}
