{"pos":[-15.5219002,-82.9805984,155.878998],"rotationMatrix":[0.907465458,-0.420126706,0,0.420126706,0.907465458,0,0,0,1],"scale":0.699999988,"type":"utah2_boulder_2"}
{"pos":[-23.7796993,-97.3527985,150.287003],"rotationMatrix":[-0.554207802,-0.832378328,0,0.832378328,-0.554207802,0,0,0,1],"scale":0.699999988,"type":"utah2_boulder_2"}
{"pos":[-4.57840014,-103.311996,147.947998],"rotationMatrix":[0.420664787,-0.907216132,0,0.907216132,0.420664787,0,0,0,1],"scale":0.728900015,"type":"utah2_boulder_2"}
{"pos":[-20.1749001,-120.264999,145.080002],"rotationMatrix":[0.387071609,-0.922049642,0,0.922049642,0.387071609,0,0,0,1],"scale":1.09039998,"type":"utah2_boulder_2"}
{"pos":[-54.1833992,-112.522003,147.209],"rotationMatrix":[0.994939446,-0.100476354,0,0.100476354,0.994939446,0,0,0,1],"scale":0.702899992,"type":"utah2_boulder_2"}
{"pos":[-42.4672012,-118.660004,145.216003],"rotationMatrix":[0.992287636,-0.123956636,0,0.123956636,0.992287636,0,0,0,1],"scale":0.725600004,"type":"utah2_boulder_2"}
{"pos":[-107.730003,-46.2431984,162.981003],"rotationMatrix":[0.452514291,-0.891757131,0,0.891757131,0.452514291,0,0,0,1],"scale":0.710900009,"type":"utah2_boulder_2"}
{"pos":[-90.8339996,-91.3211975,151.514999],"rotationMatrix":[0.238546371,0.971131086,0,-0.971131086,0.238546371,0,0,0,1],"scale":0.699999988,"type":"utah2_boulder_2"}
{"pos":[-70.9813004,-123.207001,143.593994],"rotationMatrix":[-0.524668396,0.851306677,0,-0.851306677,-0.524668396,0,0,0,1],"scale":0.763100028,"type":"utah2_boulder_2"}
{"pos":[-66.9365997,-124.639,143.141998],"rotationMatrix":[0.945743084,0.324915409,0,-0.324915409,0.945743084,0,0,0,1],"scale":0.700500011,"type":"utah2_boulder_2"}
{"pos":[-66.9924011,-110.336998,146.794998],"rotationMatrix":[-0.999525726,-0.0307948589,0,0.0307948589,-0.999525726,0,0,0,1],"scale":0.747099996,"type":"utah2_boulder_2"}
{"pos":[-78.7335968,-98.1205978,148.697006],"rotationMatrix":[-0.594979346,0.803740978,0,-0.803740978,-0.594979346,0,0,0,1],"scale":0.701900005,"type":"utah2_boulder_2"}
{"pos":[-111.545998,-67.0746994,157.048004],"rotationMatrix":[0.733848929,0.679312706,0,-0.679312706,0.733848929,0,0,0,1],"scale":0.704299986,"type":"utah2_boulder_2"}
{"pos":[-95.1578979,-73.5867004,156.897003],"rotationMatrix":[0.732687235,-0.680565536,0,0.680565536,0.732687235,0,0,0,1],"scale":0.714399993,"type":"utah2_boulder_2"}
{"pos":[-122.470001,-116.887001,147.766998],"rotationMatrix":[0.119995713,-0.992774427,0,0.992774427,0.119995713,0,0,0,1],"scale":0.794499993,"type":"utah2_boulder_2"}
{"pos":[-124.947998,-122.112,147.501999],"rotationMatrix":[-0.84853369,-0.529141366,0,0.529141366,-0.84853369,0,0,0,1],"scale":0.865499973,"type":"utah2_boulder_2"}
{"pos":[-20.4785004,-136.078003,142.085007],"rotationMatrix":[-0.325555682,0.945522845,0,-0.945522845,-0.325555682,0,0,0,1],"scale":0.700200021,"type":"utah2_boulder_2"}
{"pos":[-99.1680984,-126.001999,142.505005],"rotationMatrix":[-0.294788718,0.955562472,0,-0.955562472,-0.294788718,0,0,0,1],"scale":1.15859997,"type":"utah2_boulder_2"}
{"pos":[-103.190002,-244.781998,137.858994],"rotationMatrix":[-0.837206841,-0.54485172,-0.0471307002,0.545457363,-0.83813858,1.33242156e-05,-0.0395093188,-0.0256966315,0.998888731],"scale":1.38820004,"type":"utah2_boulder_2"}
{"pos":[-66.2743988,-166.244995,138.852005],"rotationMatrix":[-0.690947235,0.722905219,0,-0.722905219,-0.690947235,0,0,0,1],"scale":0.701499999,"type":"utah2_boulder_2"}
{"pos":[-4.4689002,-238.119995,138.154007],"rotationMatrix":[0.140645742,-0.990059972,0,0.990059972,0.140645742,0,0,0,1],"scale":0.700399995,"type":"utah2_boulder_2"}
{"pos":[-3.61290002,-234.716995,138.173004],"rotationMatrix":[0.219816923,-0.975541115,0,0.975541115,0.219816923,0,0,0,1],"scale":1.03999996,"type":"utah2_boulder_2"}
{"pos":[-148.884995,-49.4425011,162.869995],"rotationMatrix":[0.325291872,-0.945613682,0,0.945613682,0.325291872,0,0,0,1],"scale":0.699999988,"type":"utah2_boulder_2"}
{"pos":[-138.089996,-150.412003,142.182007],"rotationMatrix":[-0.995372415,0.0960924327,0,-0.0960924327,-0.995372415,0,0,0,1],"scale":0.700200021,"type":"utah2_boulder_2"}
{"pos":[-164.936005,-126.542,151.709],"rotationMatrix":[-0.872085035,0.489354372,0,-0.489354372,-0.872085035,0,0,0,1],"scale":0.699999988,"type":"utah2_boulder_2"}
{"pos":[-220.188995,-165.557007,160.210999],"rotationMatrix":[0.997768641,-0.0667663068,0,0.0667663068,0.997768641,0,0,0,1],"scale":0.747099996,"type":"utah2_boulder_2"}
{"pos":[-226.552002,-152.537003,162.720993],"rotationMatrix":[0.428400517,-0.903588951,0,0.903588951,0.428400517,0,0,0,1],"scale":0.701200008,"type":"utah2_boulder_2"}
{"pos":[-206.940994,-143.442993,156.662994],"rotationMatrix":[0.180831671,0.983514071,0,-0.983514071,0.180831671,0,0,0,1],"scale":0.700600028,"type":"utah2_boulder_2"}
{"pos":[-192.057007,-125.125999,157.378006],"rotationMatrix":[0.994999528,0.0998796225,0,-0.0998796225,0.994999528,0,0,0,1],"scale":0.716099977,"type":"utah2_boulder_2"}
{"pos":[-188.679993,-144.126999,152.237],"rotationMatrix":[0.110558748,0.993869603,0,-0.993869603,0.110558748,0,0,0,1],"scale":0.699999988,"type":"utah2_boulder_2"}
{"pos":[-228.175003,-160.673996,162.317993],"rotationMatrix":[-0.729316592,-0.684176385,0,0.684176385,-0.729316592,0,0,0,1],"scale":0.756600022,"type":"utah2_boulder_2"}
{"pos":[-235.108994,-199.056,154.100006],"rotationMatrix":[-0.358869016,0.933387935,0,-0.933387935,-0.358869016,0,0,0,1],"scale":1.01600003,"type":"utah2_boulder_2"}
{"pos":[-226.919998,-211.783997,147.306],"rotationMatrix":[-0.946859241,-0.32164821,0,0.32164821,-0.946859241,0,0,0,1],"scale":0.879299998,"type":"utah2_boulder_2"}
{"pos":[-226.039001,-210.330994,147.584],"rotationMatrix":[-0.549361348,0.835584879,0,-0.835584879,-0.549361348,0,0,0,1],"scale":0.708299994,"type":"utah2_boulder_2"}
{"pos":[-231.149994,-199.996002,153.274994],"rotationMatrix":[0.486490369,-0.873685956,0,0.873685956,0.486490369,0,0,0,1],"scale":0.779399991,"type":"utah2_boulder_2"}
{"pos":[-16.3535004,-298.160004,137.617996],"rotationMatrix":[0.604640961,0.796498179,0,-0.796498179,0.604640961,0,0,0,1],"scale":0.699999988,"type":"utah2_boulder_2"}
{"pos":[-168.513,-325.205994,136.084],"rotationMatrix":[0.996571779,-0.0827326328,0,0.0827326328,0.996571779,0,0,0,1],"scale":0.715699971,"type":"utah2_boulder_2"}
{"pos":[-168.531006,-327.981995,136.082993],"rotationMatrix":[0.666886091,-0.745159686,0,0.745159686,0.666886091,0,0,0,1],"scale":1.06659997,"type":"utah2_boulder_2"}
{"pos":[-183.259003,-420.270996,132.852997],"rotationMatrix":[0.275196552,0.961387992,0,-0.961387992,0.275196552,0,0,0,1],"scale":1.07939994,"type":"utah2_boulder_2"}
{"pos":[-367.682007,-88.3252029,180.789993],"rotationMatrix":[-0.954453945,0.298358291,0,-0.298358291,-0.954453945,0,0,0,1],"scale":0.820299983,"type":"utah2_boulder_2"}
{"pos":[-371.937012,-43.5410995,190.091995],"rotationMatrix":[-0.895673513,0.444712222,0,-0.444712222,-0.895673513,0,0,0,1],"scale":0.715600014,"type":"utah2_boulder_2"}
{"pos":[-305.381012,-219.955002,150.673996],"rotationMatrix":[0.848097324,0.529840469,0,-0.529840469,0.848097324,0,0,0,1],"scale":0.70660001,"type":"utah2_boulder_2"}
{"pos":[-251.669006,-208.647995,151.335999],"rotationMatrix":[-0.667082965,0.744983435,0,-0.744983435,-0.667082965,0,0,0,1],"scale":0.699999988,"type":"utah2_boulder_2"}
{"pos":[-307.701996,-229.044006,149.828995],"rotationMatrix":[0.444727063,0.895666122,0,-0.895666122,0.444727063,0,0,0,1],"scale":0.708199978,"type":"utah2_boulder_2"}
{"pos":[-273.200989,-219.065994,148.809006],"rotationMatrix":[-0.944085777,-0.329699934,0,0.329699934,-0.944085777,0,0,0,1],"scale":0.704100013,"type":"utah2_boulder_2"}
{"pos":[-278.942993,-233.274994,145.992004],"rotationMatrix":[-0.564000964,-0.825774133,0,0.825774133,-0.564000964,0,0,0,1],"scale":0.772800028,"type":"utah2_boulder_2"}
{"pos":[-253.281006,-196.809006,158.307007],"rotationMatrix":[0.493129969,0.869955659,0,-0.869955659,0.493129969,0,0,0,1],"scale":0.749800026,"type":"utah2_boulder_2"}
{"pos":[-274.566986,-204.164001,153.988998],"rotationMatrix":[0.586174369,0.810184896,0,-0.810184896,0.586174369,0,0,0,1],"scale":1.14950001,"type":"utah2_boulder_2"}
{"pos":[-358.705994,-204.723999,159.225006],"rotationMatrix":[0.61032486,-0.792151213,0,0.792151213,0.61032486,0,0,0,1],"scale":1.16649997,"type":"utah2_boulder_2"}
{"pos":[-323.970001,-189.242996,163.026993],"rotationMatrix":[0.856573343,0.516025305,0,-0.516025305,0.856573343,0,0,0,1],"scale":0.704699993,"type":"utah2_boulder_2"}
{"pos":[-316.200989,-205.798004,156.917007],"rotationMatrix":[0.951017618,0.309136689,0,-0.309136689,0.951017618,0,0,0,1],"scale":0.699999988,"type":"utah2_boulder_2"}
{"pos":[-375.019989,-45.0036011,190.108994],"rotationMatrix":[-0.806180298,0.591669977,0,-0.591669977,-0.806180298,0,0,0,1],"scale":1.53709996,"type":"utah2_boulder_2"}
{"pos":[-497.347992,-208.069,172.063995],"rotationMatrix":[0.960347652,-0.278805286,0,0.278805286,0.960347652,0,0,0,1],"scale":0.820900023,"type":"utah2_boulder_2"}
{"pos":[-468.498993,-241.931,166.059998],"rotationMatrix":[0.736467361,-0.676473081,0,0.676473081,0.736467361,0,0,0,1],"scale":0.709399998,"type":"utah2_boulder_2"}
{"pos":[-430.203003,-219.852997,161.912003],"rotationMatrix":[0.403123021,-0.915145814,0,0.915145814,0.403123021,0,0,0,1],"scale":1.26460004,"type":"utah2_boulder_2"}
{"pos":[-398.846985,-247.964996,158.317993],"rotationMatrix":[-0.311249673,-0.936334491,0.162484929,0.948946357,-0.315437496,2.60612214e-05,0.051229436,0.154197589,0.986711025],"scale":1.25469995,"type":"utah2_boulder_2"}
{"pos":[-456.084015,-153.033997,194.820007],"rotationMatrix":[-0.791999519,-0.610521734,0,0.610521734,-0.791999519,0,0,0,1],"scale":2.67319989,"type":"utah2_boulder_2"}
{"pos":[-441.514008,-154.345993,183.410995],"rotationMatrix":[-0.828679323,-0.487916708,0.274277002,0.507369578,-0.861728549,-1.8429093e-05,0.23636131,0.13914454,0.961650729],"scale":4.80620003,"type":"utah2_boulder_2"}
{"pos":[-417.979004,-171.171005,174.606003],"rotationMatrix":[0.596272707,0.80278194,0,-0.80278194,0.596272707,0,0,0,1],"scale":0.699999988,"type":"utah2_boulder_2"}
{"pos":[-433.067993,-140.690994,197.694],"rotationMatrix":[0.833647728,0.552296519,0,-0.552296519,0.833647728,0,0,0,1],"scale":0.700200021,"type":"utah2_boulder_2"}
{"pos":[-312.313995,-279.058014,142.992996],"rotationMatrix":[-0.211765409,-0.977320552,0,0.977320552,-0.211765409,0,0,0,1],"scale":0.743499994,"type":"utah2_boulder_2"}
{"pos":[-311.01001,-311.908997,143.643997],"rotationMatrix":[0.784958124,0.619548798,0,-0.619548798,0.784958124,0,0,0,1],"scale":0.798500001,"type":"utah2_boulder_2"}
{"pos":[-292.497986,-311.316986,139.278],"rotationMatrix":[0.997378826,-0.0723565966,0,0.0723565966,0.997378826,0,0,0,1],"scale":0.702199996,"type":"utah2_boulder_2"}
{"pos":[-291.204987,-310.410004,139.085999],"rotationMatrix":[-0.466467202,0.884538472,0,-0.884538472,-0.466467202,0,0,0,1],"scale":0.702499986,"type":"utah2_boulder_2"}
{"pos":[-309.070007,-272.210999,141.761002],"rotationMatrix":[0.923874378,0.382695884,0,-0.382695884,0.923874378,0,0,0,1],"scale":0.708500028,"type":"utah2_boulder_2"}
{"pos":[-250.682007,-308.131989,135.485001],"rotationMatrix":[0.974053979,-0.226315811,0,0.226315811,0.974053979,0,0,0,1],"scale":0.859200001,"type":"utah2_boulder_2"}
{"pos":[-290.962006,-329.681,136.328003],"rotationMatrix":[-0.956490755,-0.29176265,0,0.29176265,-0.956490755,0,0,0,1],"scale":0.703199983,"type":"utah2_boulder_2"}
{"pos":[-309.278992,-321.950012,141.834],"rotationMatrix":[0.86272049,-0.505681098,0,0.505681098,0.86272049,0,0,0,1],"scale":0.774100006,"type":"utah2_boulder_2"}
{"pos":[-343.55899,-260.574005,148.070999],"rotationMatrix":[-0.714099467,-0.700044274,0,0.700044274,-0.714099467,0,0,0,1],"scale":0.700600028,"type":"utah2_boulder_2"}
{"pos":[-312.911987,-268.627014,142.044006],"rotationMatrix":[0.413806438,0.910364866,0,-0.910364866,0.413806438,0,0,0,1],"scale":0.723699987,"type":"utah2_boulder_2"}
{"pos":[-345.332001,-347.424988,145.675003],"rotationMatrix":[-0.760019958,0.649899721,0,-0.649899721,-0.760019958,0,0,0,1],"scale":0.700200021,"type":"utah2_boulder_2"}
{"pos":[-350.812012,-390.390015,133.867004],"rotationMatrix":[0.807562351,-0.589782178,0,0.589782178,0.807562351,0,0,0,1],"scale":0.846300006,"type":"utah2_boulder_2"}
{"pos":[-353.545013,-394.768005,133.772995],"rotationMatrix":[-0.995020449,-0.0996709839,0,0.0996709839,-0.995020449,0,0,0,1],"scale":0.699999988,"type":"utah2_boulder_2"}
{"pos":[-340.437012,-474.433014,131.557999],"rotationMatrix":[-0.689845324,-0.723956764,0,0.723956764,-0.689845324,0,0,0,1],"scale":0.699999988,"type":"utah2_boulder_2"}
{"pos":[-342.161987,-468.97699,131.718002],"rotationMatrix":[0.0740561485,-0.997254074,0,0.997254074,0.0740561485,0,0,0,1],"scale":0.701699972,"type":"utah2_boulder_2"}
{"pos":[-344.378998,-465.200989,131.834],"rotationMatrix":[0.86543107,0.501028001,0,-0.501028001,0.86543107,0,0,0,1],"scale":1.19140005,"type":"utah2_boulder_2"}
{"pos":[-358.151001,-453.799011,131.800003],"rotationMatrix":[-0.568867803,-0.822429001,0,0.822429001,-0.568867803,0,0,0,1],"scale":0.700999975,"type":"utah2_boulder_2"}
{"pos":[-358.931,-394.821991,134.740997],"rotationMatrix":[-0.99866879,0.0515814722,0,-0.0515814722,-0.99866879,0,0,0,1],"scale":0.739099979,"type":"utah2_boulder_2"}
{"pos":[-410.053986,-283.583008,169.360992],"rotationMatrix":[-0.792616427,0.609720588,0,-0.609720588,-0.792616427,0,0,0,1],"scale":1.1494,"type":"utah2_boulder_2"}
{"pos":[-435.744995,-309.710999,168.667999],"rotationMatrix":[0.97120142,0.238259941,0,-0.238259941,0.97120142,0,0,0,1],"scale":0.733399987,"type":"utah2_boulder_2"}
{"pos":[-420.394012,-290.40799,168.613007],"rotationMatrix":[0.991961002,-0.126543939,0,0.126543939,0.991961002,0,0,0,1],"scale":0.700299978,"type":"utah2_boulder_2"}
{"pos":[-420.035004,-313.399994,168.389999],"rotationMatrix":[0.99829483,0.0583732091,0,-0.0583732091,0.99829483,0,0,0,1],"scale":0.963999987,"type":"utah2_boulder_2"}
{"pos":[-429.339996,-317.670013,168.723007],"rotationMatrix":[-0.852894604,0.522083104,0,-0.522083104,-0.852894604,0,0,0,1],"scale":0.70450002,"type":"utah2_boulder_2"}
{"pos":[-384.65799,-361.289001,150.641006],"rotationMatrix":[-0.931473315,-0.363809645,0,0.363809645,-0.931473315,0,0,0,1],"scale":0.700299978,"type":"utah2_boulder_2"}
{"pos":[-408.016998,-360.704987,149.520996],"rotationMatrix":[-0.232443571,-0.972609878,0,0.972609878,-0.232443571,0,0,0,1],"scale":0.718400002,"type":"utah2_boulder_2"}
{"pos":[-450.28299,-373.674988,147.369003],"rotationMatrix":[-0.0637483597,-0.997965991,0,0.997965991,-0.0637483597,0,0,0,1],"scale":0.743300021,"type":"utah2_boulder_2"}
{"pos":[-452.277008,-350.536987,158.227997],"rotationMatrix":[-0.756678402,-0.653787255,0,0.653787255,-0.756678402,0,0,0,1],"scale":0.71450001,"type":"utah2_boulder_2"}
{"pos":[-496.723999,-342.899994,168.334],"rotationMatrix":[0.651879072,0.758322954,0,-0.758322954,0.651879072,0,0,0,1],"scale":1.80729997,"type":"utah2_boulder_2"}
{"pos":[-496.709991,-345.687988,168.878006],"rotationMatrix":[-0.926656544,-0.37590909,0,0.37590909,-0.926656544,0,0,0,1],"scale":0.700100005,"type":"utah2_boulder_2"}
{"pos":[-387.09201,-411.412994,134.057999],"rotationMatrix":[-0.934620142,0.355647564,0,-0.355647564,-0.934620142,0,0,0,1],"scale":1.00779998,"type":"utah2_boulder_2"}
{"pos":[-396.389008,-404.451996,135.412994],"rotationMatrix":[0.977487564,0.210993037,0,-0.210993037,0.977487564,0,0,0,1],"scale":0.700600028,"type":"utah2_boulder_2"}
{"pos":[-466.871002,-416.013,138.397003],"rotationMatrix":[-0.673727691,-0.738979697,0,0.738979697,-0.673727691,0,0,0,1],"scale":0.715300024,"type":"utah2_boulder_2"}
{"pos":[-442.100006,-385.828003,142.690994],"rotationMatrix":[0.105075836,0.994464219,0,-0.994464219,0.105075836,0,0,0,1],"scale":0.700100005,"type":"utah2_boulder_2"}
{"pos":[-470.981995,-436.876007,134.947998],"rotationMatrix":[0.976283789,-0.216494724,0,0.216494724,0.976283789,0,0,0,1],"scale":0.709800005,"type":"utah2_boulder_2"}
{"pos":[-466.92099,-437.38501,133.901993],"rotationMatrix":[0.972573996,0.232593685,0,-0.232593685,0.972573996,0,0,0,1],"scale":1.1408,"type":"utah2_boulder_2"}
{"pos":[-462.398987,-419.451996,137.649994],"rotationMatrix":[0.247513652,-0.968884408,0,0.968884408,0.247513652,0,0,0,1],"scale":0.744199991,"type":"utah2_boulder_2"}
{"pos":[-463.885986,-419.170013,138.154999],"rotationMatrix":[0.819262028,0.573419333,0,-0.573419333,0.819262028,0,0,0,1],"scale":0.699999988,"type":"utah2_boulder_2"}
{"pos":[-443.921997,-408.524994,135.509995],"rotationMatrix":[0.808531642,0.588452697,0,-0.588452697,0.808531642,0,0,0,1],"scale":1.05999994,"type":"utah2_boulder_2"}
{"pos":[-484.272003,-395.359009,146.817993],"rotationMatrix":[0.174833894,-0.984597921,0,0.984597921,0.174833894,0,0,0,1],"scale":0.701499999,"type":"utah2_boulder_2"}
{"pos":[-446.792999,-490.183014,134.397003],"rotationMatrix":[-0.343544006,0.939136565,0,-0.939136565,-0.343544006,0,0,0,1],"scale":0.699999988,"type":"utah2_boulder_2"}
{"pos":[-463.734985,-475.299011,137.246002],"rotationMatrix":[-0.0318142772,0.999493778,0,-0.999493778,-0.0318142772,0,0,0,1],"scale":0.714900017,"type":"utah2_boulder_2"}
{"pos":[-58.5087013,-533.619019,133.237],"rotationMatrix":[-0.615061402,0.788479209,0,-0.788479209,-0.615061402,0,0,0,1],"scale":0.701300025,"type":"utah2_boulder_2"}
{"pos":[-21.2994995,-549.116028,137.427002],"rotationMatrix":[-0.691592395,0.722288013,0,-0.722288013,-0.691592395,0,0,0,1],"scale":0.700800002,"type":"utah2_boulder_2"}
{"pos":[-4.87939978,-591.403992,138.520996],"rotationMatrix":[-0.540125728,0.841584325,0,-0.841584325,-0.540125728,0,0,0,1],"scale":0.709100008,"type":"utah2_boulder_2"}
{"pos":[-2.17479992,-590.335022,138.479996],"rotationMatrix":[-0.352958798,0.935638845,0,-0.935638845,-0.352958798,0,0,0,1],"scale":0.699999988,"type":"utah2_boulder_2"}
{"pos":[-80.2440033,-621.278015,132.132004],"rotationMatrix":[0.0451004505,0.99898243,0,-0.99898243,0.0451004505,0,0,0,1],"scale":0.714399993,"type":"utah2_boulder_2"}
{"pos":[-22.9507999,-635.627991,139.089996],"rotationMatrix":[0.375071526,0.926995873,0,-0.926995873,0.375071526,0,0,0,1],"scale":0.701200008,"type":"utah2_boulder_2"}
{"pos":[-25.9150009,-636.659973,138.007004],"rotationMatrix":[0.970720768,0.240210727,0,-0.240210727,0.970720768,0,0,0,1],"scale":0.760900021,"type":"utah2_boulder_2"}
{"pos":[-31.0632992,-628.820007,139.149002],"rotationMatrix":[0.034784317,-0.999394834,0,0.999394834,0.034784317,0,0,0,1],"scale":0.700100005,"type":"utah2_boulder_2"}
{"pos":[-51.9766998,-663.05603,130.091995],"rotationMatrix":[0.809906125,-0.586559534,0,0.586559534,0.809906125,0,0,0,1],"scale":0.700200021,"type":"utah2_boulder_2"}
{"pos":[-84.6269989,-641.491028,130.080994],"rotationMatrix":[0.163223386,0.986589134,0,-0.986589134,0.163223386,0,0,0,1],"scale":0.885100007,"type":"utah2_boulder_2"}
{"pos":[-94.8703995,-676.669983,128.391998],"rotationMatrix":[0.328543901,-0.944488704,0,0.944488704,0.328543901,0,0,0,1],"scale":1.00520003,"type":"utah2_boulder_2"}
{"pos":[-84.8488998,-691.794983,127.608002],"rotationMatrix":[-0.804943502,-0.593351483,0,0.593351483,-0.804943502,0,0,0,1],"scale":0.769900024,"type":"utah2_boulder_2"}
{"pos":[-224.934998,-536.265991,130.792999],"rotationMatrix":[-0.136993825,-0.990571916,0,0.990571916,-0.136993825,0,0,0,1],"scale":1.05060005,"type":"utah2_boulder_2"}
{"pos":[-215.569,-543.297974,130.447006],"rotationMatrix":[0.834799051,0.550554752,0,-0.550554752,0.834799051,0,0,0,1],"scale":0.709299982,"type":"utah2_boulder_2"}
{"pos":[-231.104004,-734.643005,111.319],"rotationMatrix":[-0.720851302,-0.693089724,0,0.693089724,-0.720851302,0,0,0,1],"scale":0.754100025,"type":"utah2_boulder_2"}
{"pos":[-15.3347998,-751.755981,127.148003],"rotationMatrix":[0.52627182,-0.850316405,0,0.850316405,0.52627182,0,0,0,1],"scale":0.70450002,"type":"utah2_boulder_2"}
{"pos":[-4.64480019,-773.406006,125.572998],"rotationMatrix":[-0.94731313,-0.320308954,0,0.320308954,-0.94731313,0,0,0,1],"scale":0.699999988,"type":"utah2_boulder_2"}
{"pos":[-9.73980045,-777.419983,124.418999],"rotationMatrix":[-0.0789932013,0.996875167,0,-0.996875167,-0.0789932013,0,0,0,1],"scale":0.768700004,"type":"utah2_boulder_2"}
{"pos":[-5.91109991,-769.046997,125.702003],"rotationMatrix":[0.999852061,0.0172004532,0,-0.0172004532,0.999852061,0,0,0,1],"scale":1.1523,"type":"utah2_boulder_2"}
{"pos":[-7.15789986,-858.947021,113.853996],"rotationMatrix":[0.533405304,0.845859766,0,-0.845859766,0.533405304,0,0,0,1],"scale":0.756699979,"type":"utah2_boulder_2"}
{"pos":[-83.7340012,-785.862976,112.767998],"rotationMatrix":[-0.579195201,-0.815188885,0,0.815188885,-0.579195201,0,0,0,1],"scale":1.14600003,"type":"utah2_boulder_2"}
{"pos":[-99.8647003,-782.27002,113.202003],"rotationMatrix":[0.942194939,-0.335065216,0,0.335065216,0.942194939,0,0,0,1],"scale":0.700100005,"type":"utah2_boulder_2"}
{"pos":[-90.5453033,-836.02002,115.373001],"rotationMatrix":[0.171757102,0.98513931,0,-0.98513931,0.171757102,0,0,0,1],"scale":0.699999988,"type":"utah2_boulder_2"}
{"pos":[-7.72249985,-912.320007,143.789001],"rotationMatrix":[0.0195144415,0.999809563,0,-0.999809563,0.0195144415,0,0,0,1],"scale":0.699999988,"type":"utah2_boulder_2"}
{"pos":[-20.5195007,-905.122009,143.059006],"rotationMatrix":[-0.928561211,0.371179312,0,-0.371179312,-0.928561211,0,0,0,1],"scale":0.720899999,"type":"utah2_boulder_2"}
{"pos":[-120.014,-883.440979,133.156998],"rotationMatrix":[-0.866352618,-0.499432832,0,0.499432832,-0.866352618,0,0,0,1],"scale":0.77700001,"type":"utah2_boulder_2"}
{"pos":[-74.0212021,-934.580017,138.487],"rotationMatrix":[-0.352000058,-0.676982522,0.646367252,0.93599999,-0.25449127,0.243183583,-0.000136209797,0.690600336,0.723236561],"scale":0.700200021,"type":"utah2_boulder_2"}
{"pos":[-84.7291031,-932.598999,138.154007],"rotationMatrix":[-0.768384457,0.639988542,0,-0.639988542,-0.768384457,0,0,0,1],"scale":0.699999988,"type":"utah2_boulder_2"}
{"pos":[-102.332001,-930.752014,136.878998],"rotationMatrix":[-0.474306464,-0.880359828,0,0.880359828,-0.474306464,0,0,0,1],"scale":0.903800011,"type":"utah2_boulder_2"}
{"pos":[-173.095001,-767.603027,111.917],"rotationMatrix":[-0.960181952,0.279375404,0,-0.279375404,-0.960181952,0,0,0,1],"scale":0.700100005,"type":"utah2_boulder_2"}
{"pos":[-172.264008,-766.343994,111.330002],"rotationMatrix":[-0.723086953,-0.690757036,0,0.690757036,-0.723086953,0,0,0,1],"scale":0.700200021,"type":"utah2_boulder_2"}
{"pos":[-170.057999,-768.096985,111.369003],"rotationMatrix":[0.992823839,0.119586051,0,-0.119586051,0.992823839,0,0,0,1],"scale":0.761799991,"type":"utah2_boulder_2"}
{"pos":[-139.298996,-803.856995,118.179001],"rotationMatrix":[0.670479774,0.741927803,0,-0.741927803,0.670479774,0,0,0,1],"scale":0.971400023,"type":"utah2_boulder_2"}
{"pos":[-161.192001,-772.853027,111.905998],"rotationMatrix":[-0.186973035,0.982365072,0,-0.982365072,-0.186973035,0,0,0,1],"scale":2.41860008,"type":"utah2_boulder_2"}
{"pos":[-201.255997,-751.213013,112.192001],"rotationMatrix":[-0.696432531,-0.71762228,0,0.71762228,-0.696432531,0,0,0,1],"scale":0.703999996,"type":"utah2_boulder_2"}
{"pos":[-129.684006,-881.745972,132.033997],"rotationMatrix":[0.535145998,-0.844759583,0,0.844759583,0.535145998,0,0,0,1],"scale":0.841000021,"type":"utah2_boulder_2"}
{"pos":[-185.022995,-881.340027,129.927994],"rotationMatrix":[0.899650097,0.436611623,0,-0.436611623,0.899650097,0,0,0,1],"scale":0.701099992,"type":"utah2_boulder_2"}
{"pos":[-131.847,-928.515991,135.643005],"rotationMatrix":[-0.972388983,0.233365953,0,-0.233365953,-0.972388983,0,0,0,1],"scale":0.703499973,"type":"utah2_boulder_2"}
{"pos":[-143.886002,-948.419006,146.852005],"rotationMatrix":[0.928561211,-0.371179312,0,0.371179312,0.928561211,0,0,0,1],"scale":0.708299994,"type":"utah2_boulder_2"}
{"pos":[-152.776993,-961.679016,148.257004],"rotationMatrix":[0.414211154,0.910180807,0,-0.910180807,0.414211154,0,0,0,1],"scale":0.699999988,"type":"utah2_boulder_2"}
{"pos":[-182.307999,-946.625,144.408997],"rotationMatrix":[-0.330694795,0.943737745,0,-0.943737745,-0.330694795,0,0,0,1],"scale":0.784300029,"type":"utah2_boulder_2"}
{"pos":[-212.529007,-944.585999,146.895004],"rotationMatrix":[-0.574225962,-0.818696856,0,0.818696856,-0.574225962,0,0,0,1],"scale":0.711199999,"type":"utah2_boulder_2"}
{"pos":[-210.716003,-943.507019,146.507996],"rotationMatrix":[-0.990833342,-0.135089934,0,0.135089934,-0.990833342,0,0,0,1],"scale":0.700200021,"type":"utah2_boulder_2"}
{"pos":[-301.906006,-535.789978,130.177002],"rotationMatrix":[0.700923204,0.713236749,0,-0.713236749,0.700923204,0,0,0,1],"scale":0.699999988,"type":"utah2_boulder_2"}
{"pos":[-270.427002,-515.182007,130.653],"rotationMatrix":[0.898119688,-0.439751089,0,0.439751089,0.898119688,0,0,0,1],"scale":0.701099992,"type":"utah2_boulder_2"}
{"pos":[-362.178009,-617.794006,126.638],"rotationMatrix":[-0.906954348,0.421228915,0,-0.421228915,-0.906954348,0,0,0,1],"scale":1.11730003,"type":"utah2_boulder_2"}
{"pos":[-346.804993,-611.153992,126.726997],"rotationMatrix":[-0.271771967,0.962361693,0,-0.962361693,-0.271771967,0,0,0,1],"scale":0.701200008,"type":"utah2_boulder_2"}
{"pos":[-370.309998,-591.401978,127.735001],"rotationMatrix":[0.850504756,0.52596736,0,-0.52596736,0.850504756,0,0,0,1],"scale":1.0244,"type":"utah2_boulder_2"}
{"pos":[-254.445999,-503.214996,131.141006],"rotationMatrix":[-0.395697951,0.918380737,0,-0.918380737,-0.395697951,0,0,0,1],"scale":0.712800026,"type":"utah2_boulder_2"}
{"pos":[-303.126007,-594.752991,126.404999],"rotationMatrix":[-0.961413085,0.275108844,0,-0.275108844,-0.961413085,0,0,0,1],"scale":0.952799976,"type":"utah2_boulder_2"}
{"pos":[-313.246002,-596.349976,126.32],"rotationMatrix":[-0.8376773,0.546165466,0,-0.546165466,-0.8376773,0,0,0,1],"scale":0.700699985,"type":"utah2_boulder_2"}
{"pos":[-288.825989,-604.97699,125.431],"rotationMatrix":[0.946668625,0.322208792,0,-0.322208792,0.946668625,0,0,0,1],"scale":0.731899977,"type":"utah2_boulder_2"}
{"pos":[-308.687988,-606.869019,124.916],"rotationMatrix":[-0.341773808,0.939782262,0,-0.939782262,-0.341773808,0,0,0,1],"scale":0.699999988,"type":"utah2_boulder_2"}
{"pos":[-273.872009,-659.445007,108.480003],"rotationMatrix":[-0.997349858,-0.0727547929,0,0.0727547929,-0.997349858,0,0,0,1],"scale":0.71420002,"type":"utah2_boulder_2"}
{"pos":[-292.117004,-657.156982,108.577003],"rotationMatrix":[0.314829111,0.949148357,0,-0.949148357,0.314829111,0,0,0,1],"scale":1.01119995,"type":"utah2_boulder_2"}
{"pos":[-289.679993,-735.276978,110.637001],"rotationMatrix":[-0.991498411,-0.130118802,0,0.130118802,-0.991498411,0,0,0,1],"scale":0.945500016,"type":"utah2_boulder_2"}
{"pos":[-275.582001,-730.239014,110.719002],"rotationMatrix":[0.832598686,-0.553876698,0,0.553876698,0.832598686,0,0,0,1],"scale":0.862299979,"type":"utah2_boulder_2"}
{"pos":[-342.225006,-703.14502,106.917],"rotationMatrix":[-0.724701226,-0.689063251,0,0.689063251,-0.724701226,0,0,0,1],"scale":0.699999988,"type":"utah2_boulder_2"}
{"pos":[-360.274994,-722.476013,106.713997],"rotationMatrix":[-0.859339714,0.51140517,0,-0.51140517,-0.859339714,0,0,0,1],"scale":0.699999988,"type":"utah2_boulder_2"}
{"pos":[-358.584991,-718.366028,106.292],"rotationMatrix":[-0.999878347,-0.0155977998,0,0.0155977998,-0.999878347,0,0,0,1],"scale":1.11160004,"type":"utah2_boulder_2"}
{"pos":[-436.303986,-622.950989,121.310997],"rotationMatrix":[0.334356666,-0.942446589,0,0.942446589,0.334356666,0,0,0,1],"scale":0.987399995,"type":"utah2_boulder_2"}
{"pos":[-429.686005,-614.549988,125.163002],"rotationMatrix":[-0.990115285,-0.140255913,0,0.140255913,-0.990115285,0,0,0,1],"scale":0.700100005,"type":"utah2_boulder_2"}
{"pos":[-409.886993,-580.599976,128.927002],"rotationMatrix":[-0.953367949,0.301810473,0,-0.301810473,-0.953367949,0,0,0,1],"scale":0.700399995,"type":"utah2_boulder_2"}
{"pos":[-422.808014,-610.749023,126.431999],"rotationMatrix":[-0.995314598,0.0966894552,0,-0.0966894552,-0.995314598,0,0,0,1],"scale":0.700100005,"type":"utah2_boulder_2"}
{"pos":[-478.980988,-501.824005,147.410004],"rotationMatrix":[0.429855585,0.902897656,0,-0.902897656,0.429855585,0,0,0,1],"scale":0.699999988,"type":"utah2_boulder_2"}
{"pos":[-478.433014,-507.179993,147.130997],"rotationMatrix":[0.521390438,-0.853318214,0,0.853318214,0.521390438,0,0,0,1],"scale":1.0661,"type":"utah2_boulder_2"}
{"pos":[-446.463989,-616.299988,126.273003],"rotationMatrix":[0.957131863,0.289652556,0,-0.289652556,0.957131863,0,0,0,1],"scale":0.876600027,"type":"utah2_boulder_2"}
{"pos":[-487.713989,-572.301025,149.490997],"rotationMatrix":[0.283147216,0.959076464,0,-0.959076464,0.283147216,0,0,0,1],"scale":0.721899986,"type":"utah2_boulder_2"}
{"pos":[-431.070007,-644.729004,116.186996],"rotationMatrix":[-0.833753407,-0.552137017,0,0.552137017,-0.833753407,0,0,0,1],"scale":0.825999975,"type":"utah2_boulder_2"}
{"pos":[-381.989014,-668.169983,112.547997],"rotationMatrix":[-0.484060943,-0.875034273,0,0.875034273,-0.484060943,0,0,0,1],"scale":0.977699995,"type":"utah2_boulder_2"}
{"pos":[-433.100006,-747.739014,104.072998],"rotationMatrix":[-0.850278199,-0.526315033,-0.00440984871,0.526114583,-0.849653065,-0.0359596089,0.0151792411,-0.032895755,0.999343514],"scale":1.25610006,"type":"utah2_boulder_2"}
{"pos":[-395.480011,-725.919983,108.154999],"rotationMatrix":[-0.953119814,0.302593172,0,-0.302593172,-0.953119814,0,0,0,1],"scale":0.8125,"type":"utah2_boulder_2"}
{"pos":[-406.234985,-733.778015,108.138],"rotationMatrix":[0.577881098,0.816120982,0,-0.816120982,0.577881098,0,0,0,1],"scale":0.703700006,"type":"utah2_boulder_2"}
{"pos":[-477.556,-682.400024,112.359001],"rotationMatrix":[-0.741796374,-0.67062521,0,0.67062521,-0.741796374,0,0,0,1],"scale":0.742799997,"type":"utah2_boulder_2"}
{"pos":[-472.985992,-747.815002,103.582001],"rotationMatrix":[-0.584505856,0.811389506,0,-0.811389506,-0.584505856,0,0,0,1],"scale":0.699999988,"type":"utah2_boulder_2"}
{"pos":[-446.901001,-707.41803,105.550003],"rotationMatrix":[-0.670479834,0.741927743,0,-0.741927743,-0.670479834,0,0,0,1],"scale":0.983699977,"type":"utah2_boulder_2"}
{"pos":[-306.665985,-811.616028,118.442001],"rotationMatrix":[0.192002177,-0.981394529,0,0.981394529,0.192002177,0,0,0,1],"scale":0.75150001,"type":"utah2_boulder_2"}
{"pos":[-295.161987,-803.924011,124.239998],"rotationMatrix":[-0.328389883,0.944542289,0,-0.944542289,-0.328389883,0,0,0,1],"scale":0.699999988,"type":"utah2_boulder_2"}
{"pos":[-250.496994,-780.080994,127.081001],"rotationMatrix":[0.0809651613,0.996716917,0,-0.996716917,0.0809651613,0,0,0,1],"scale":0.699999988,"type":"utah2_boulder_2"}
{"pos":[-250.223999,-781.658997,127.032997],"rotationMatrix":[0.919754386,0.39249441,0,-0.39249441,0.919754386,0,0,0,1],"scale":0.764500022,"type":"utah2_boulder_2"}
{"pos":[-299.927002,-872.752014,129.442993],"rotationMatrix":[-0.586462975,-0.809976041,0,0.809976041,-0.586462975,0,0,0,1],"scale":0.700800002,"type":"utah2_boulder_2"}
{"pos":[-319.154999,-800.502991,105.818001],"rotationMatrix":[-0.999255002,0.0385932885,0,-0.0385932885,-0.999255002,0,0,0,1],"scale":1.36960006,"type":"utah2_boulder_2"}
{"pos":[-361.644989,-873.924011,130.673004],"rotationMatrix":[0.175666094,0.984449804,0,-0.984449804,0.175666094,0,0,0,1],"scale":1.1789,"type":"utah2_boulder_2"}
{"pos":[-326.348999,-833.643005,123.195],"rotationMatrix":[0.484061003,-0.875034273,0,0.875034273,0.484061003,0,0,0,1],"scale":2.2342999,"type":"utah2_boulder_2"}
{"pos":[-299.658997,-929.510986,136.682007],"rotationMatrix":[-0.971390426,0.237488195,0,-0.237488195,-0.971390426,0,0,0,1],"scale":0.763800025,"type":"utah2_boulder_2"}
{"pos":[-292.112,-934.913025,139.977997],"rotationMatrix":[-0.156627297,-0.987657785,0,0.987657785,-0.156627297,0,0,0,1],"scale":0.702799976,"type":"utah2_boulder_2"}
{"pos":[-264.657013,-918.559998,130.645004],"rotationMatrix":[-0.426042855,-0.904702961,0,0.904702961,-0.426042855,0,0,0,1],"scale":0.728500009,"type":"utah2_boulder_2"}
{"pos":[-328.644012,-933.294006,136.910004],"rotationMatrix":[0.996638298,-0.0819274262,0,0.0819274262,0.996638298,0,0,0,1],"scale":0.818499982,"type":"utah2_boulder_2"}
{"pos":[-334.147003,-934.950989,136.466003],"rotationMatrix":[0.95748353,0.288487941,0,-0.288487941,0.95748353,0,0,0,1],"scale":0.951300025,"type":"utah2_boulder_2"}
{"pos":[-314.901001,-933.302979,136.182999],"rotationMatrix":[0.0610635281,0.998133898,0,-0.998133898,0.0610635281,0,0,0,1],"scale":0.704200029,"type":"utah2_boulder_2"}
{"pos":[-363.862,-880.590027,131.242004],"rotationMatrix":[-0.94240433,0.334475815,0,-0.334475815,-0.94240433,0,0,0,1],"scale":0.746399999,"type":"utah2_boulder_2"}
{"pos":[-328.488007,-938.422974,137.658997],"rotationMatrix":[-0.997096956,0.0761423707,0,-0.0761423707,-0.997096956,0,0,0,1],"scale":0.732599974,"type":"utah2_boulder_2"}
{"pos":[-326.81601,-961.898987,145.787003],"rotationMatrix":[-0.972764015,0.231797695,0,-0.231797695,-0.972764015,0,0,0,1],"scale":0.769299984,"type":"utah2_boulder_2"}
{"pos":[-325.776001,-963.827026,146.688004],"rotationMatrix":[0.511107922,-0.859516561,0,0.859516561,0.511107922,0,0,0,1],"scale":0.728500009,"type":"utah2_boulder_2"}
{"pos":[-433.917999,-825.210999,104.036003],"rotationMatrix":[-0.996353507,0.0853210911,0,-0.0853210911,-0.996353507,0,0,0,1],"scale":0.78670001,"type":"utah2_boulder_2"}
{"pos":[-463.343994,-789.208008,103.856003],"rotationMatrix":[-0.992607474,0.12136887,0,-0.12136887,-0.992607474,0,0,0,1],"scale":0.699999988,"type":"utah2_boulder_2"}
{"pos":[-486.312988,-834.710999,128.326004],"rotationMatrix":[-0.772458613,0.635065079,0,-0.635065079,-0.772458613,0,0,0,1],"scale":1.12460005,"type":"utah2_boulder_2"}
{"pos":[-466.355011,-847.705994,131.654999],"rotationMatrix":[0.947263002,0.0447625481,0.317315489,-0.0472039133,0.998885274,5.89209094e-06,-0.316961497,-0.0149841141,0.948320031],"scale":1.16229999,"type":"utah2_boulder_2"}
{"pos":[-380.088989,-947.125,144.093994],"rotationMatrix":[0.550481319,0.83484751,0,-0.83484751,0.550481319,0,0,0,1],"scale":0.704599977,"type":"utah2_boulder_2"}
{"pos":[-458.518005,-933.455994,136.156998],"rotationMatrix":[-0.90161103,0.432547748,0,-0.432547748,-0.90161103,0,0,0,1],"scale":0.740199983,"type":"utah2_boulder_2"}
{"pos":[-461.335999,-924.88501,133.630997],"rotationMatrix":[-0.930657506,0.365891516,0,-0.365891516,-0.930657506,0,0,0,1],"scale":0.703400016,"type":"utah2_boulder_2"}
{"pos":[-489.602997,-977.213013,149.561005],"rotationMatrix":[-0.764444172,0.644689918,0,-0.644689918,-0.764444172,0,0,0,1],"scale":0.699999988,"type":"utah2_boulder_2"}
{"pos":[-477.484985,-951.533997,143.093002],"rotationMatrix":[-0.544939339,-0.838475466,0,0.838475466,-0.544939339,0,0,0,1],"scale":0.966300011,"type":"utah2_boulder_2"}
{"pos":[-438.574005,-958.679016,144.981003],"rotationMatrix":[-0.455875993,-0.890043318,0,0.890043318,-0.455875993,0,0,0,1],"scale":0.780499995,"type":"utah2_boulder_2"}
{"pos":[-438.199005,-961.351013,145.365997],"rotationMatrix":[0.680780053,0.732487917,0,-0.732487917,0.680780053,0,0,0,1],"scale":0.707899988,"type":"utah2_boulder_2"}
{"pos":[-463.161011,-973.833008,147.638],"rotationMatrix":[-0.999415219,-0.034193866,0,0.034193866,-0.999415219,0,0,0,1],"scale":0.699999988,"type":"utah2_boulder_2"}
{"pos":[-461.697998,-968.825012,146.341995],"rotationMatrix":[0.796877742,-0.60414058,0,0.60414058,0.796877742,0,0,0,1],"scale":0.780399978,"type":"utah2_boulder_2"}
{"pos":[-577.822021,-210.802994,181.091995],"rotationMatrix":[0.462487698,-0.886625707,0,0.886625707,0.462487698,0,0,0,1],"scale":0.885500014,"type":"utah2_boulder_2"}
{"pos":[-552.39801,-206.936996,180.244003],"rotationMatrix":[0.839264154,-0.543723881,0,0.543723881,0.839264154,0,0,0,1],"scale":0.704599977,"type":"utah2_boulder_2"}
{"pos":[-554.335022,-142.608994,223.772003],"rotationMatrix":[0.421569109,0.906796277,0,-0.906796277,0.421569109,0,0,0,1],"scale":1.94239998,"type":"utah2_boulder_2"}
{"pos":[-604.76001,-177.895996,203.154007],"rotationMatrix":[-0.959555268,0.281520307,0,-0.281520307,-0.959555268,0,0,0,1],"scale":3.11389995,"type":"utah2_boulder_2"}
{"pos":[-736.521973,-0.518999994,296.222992],"rotationMatrix":[0.890589952,-0.454807132,0,0.454807132,0.890589952,0,0,0,1],"scale":0.699999988,"type":"utah2_boulder_2"}
{"pos":[-655.442993,-0.661499977,296.045013],"rotationMatrix":[0.491338015,0.870968997,0,-0.870968997,0.491338015,0,0,0,1],"scale":0.701200008,"type":"utah2_boulder_2"}
{"pos":[-630.916016,-50.1753998,255.070999],"rotationMatrix":[-0.709691405,0.704512656,0,-0.704512656,-0.709691405,0,0,0,1],"scale":4.22739983,"type":"utah2_boulder_2"}
{"pos":[-683.411011,-95.5632019,251.973007],"rotationMatrix":[-0.423279285,-0.905999243,0,0.905999243,-0.423279285,0,0,0,1],"scale":0.700200021,"type":"utah2_boulder_2"}
{"pos":[-657.013977,-54.5360985,258.037994],"rotationMatrix":[-0.99705112,0.0767402425,0,-0.0767402425,-0.99705112,0,0,0,1],"scale":0.699999988,"type":"utah2_boulder_2"}
{"pos":[-648.315002,-135.664993,230.944],"rotationMatrix":[-0.809535027,0.587071598,0,-0.587071598,-0.809535027,0,0,0,1],"scale":0.724300027,"type":"utah2_boulder_2"}
{"pos":[-642.929016,-141.533997,224.895004],"rotationMatrix":[-0.700473189,0.713678718,0,-0.713678718,-0.700473189,0,0,0,1],"scale":2.42880011,"type":"utah2_boulder_2"}
{"pos":[-723.471985,-183.393997,242.166],"rotationMatrix":[0.373476744,0.927639544,0,-0.927639544,0.373476744,0,0,0,1],"scale":1.96229994,"type":"utah2_boulder_2"}
{"pos":[-722.15802,-187.559998,240.231003],"rotationMatrix":[0.161531687,0.986867547,0,-0.986867547,0.161531687,0,0,0,1],"scale":1.61769998,"type":"utah2_boulder_2"}
{"pos":[-600.559021,-262.699005,182.209],"rotationMatrix":[-0.959220231,0.282659769,0,-0.282659769,-0.959220231,0,0,0,1],"scale":1.99759996,"type":"utah2_boulder_2"}
{"pos":[-529.16803,-426.511993,150.067993],"rotationMatrix":[-0.541857541,-0.840470374,0,0.840470374,-0.541857541,0,0,0,1],"scale":0.699999988,"type":"utah2_boulder_2"}
{"pos":[-531.013,-434.252014,151.136993],"rotationMatrix":[-0.608054698,-0.793895125,0,0.793895125,-0.608054698,0,0,0,1],"scale":0.837000012,"type":"utah2_boulder_2"}
{"pos":[-662.125,-307.864014,175.272003],"rotationMatrix":[0.0439705849,0.999032855,0,-0.999032855,0.0439705849,0,0,0,1],"scale":2.35109997,"type":"utah2_boulder_2"}
{"pos":[-707.314026,-272.812988,209.901993],"rotationMatrix":[0.124627352,0.992203593,0,-0.992203593,0.124627352,0,0,0,1],"scale":0.699999988,"type":"utah2_boulder_2"}
{"pos":[-663.469971,-250.962006,216.065002],"rotationMatrix":[-0.116053641,0.993242919,0,-0.993242919,-0.116053641,0,0,0,1],"scale":1.62249994,"type":"utah2_boulder_2"}
{"pos":[-744.507019,-351.201996,201.942993],"rotationMatrix":[0.387736559,0.921770215,0,-0.921770215,0.387736559,0,0,0,1],"scale":1.0891,"type":"utah2_boulder_2"}
{"pos":[-742.267029,-499.104004,188.160004],"rotationMatrix":[0.833298326,-0.552823544,0,0.552823544,0.833298326,0,0,0,1],"scale":0.700500011,"type":"utah2_boulder_2"}
{"pos":[-744.080017,-402.278992,178.341003],"rotationMatrix":[0.967954397,0.251126021,-9.07992944e-05,-0.230935663,0.890273452,0.392532676,0.0986560062,-0.379932761,0.919738054],"scale":1.8915,"type":"utah2_boulder_2"}
{"pos":[-731.119995,-407.352997,172.936996],"rotationMatrix":[-0.434558809,-0.900643468,0,0.900643468,-0.434558809,0,0,0,1],"scale":1.70430005,"type":"utah2_boulder_2"}
{"pos":[-738.156982,-461.306,170.880997],"rotationMatrix":[0.866667747,-0.498885781,0,0.498885781,0.866667747,0,0,0,1],"scale":2.48850012,"type":"utah2_boulder_2"}
{"pos":[-736.500977,-434.76001,169.102997],"rotationMatrix":[-0.113232434,0.99356854,0,-0.99356854,-0.113232434,0,0,0,1],"scale":1.72430003,"type":"utah2_boulder_2"}
{"pos":[-755.169983,-100.689003,295.808014],"rotationMatrix":[-0.0391674042,-0.99923265,0,0.99923265,-0.0391674042,0,0,0,1],"scale":0.794399977,"type":"utah2_boulder_2"}
{"pos":[-842.10199,-51.2773018,286.993988],"rotationMatrix":[-0.0322405696,0.999480128,0,-0.999480128,-0.0322405696,0,0,0,1],"scale":0.700100005,"type":"utah2_boulder_2"}
