{"pos":[-123.444,-17.6016006,153.020996],"rotationMatrix":[0.679008007,-0.734130859,0,0.734130859,0.679008007,0,0,0,1],"scale":1.40499997,"type":"utah2_rock_big_2_d"}
{"pos":[-117.302002,-191.302002,137.063004],"rotationMatrix":[0.693314791,-0.68991971,-0.208147511,-0.18191731,0.111923456,-0.976923347,0.697295249,0.715181053,-0.0479101539],"scale":1.20000005,"type":"utah2_rock_big_2_d"}
{"pos":[-160.884003,-39.8098984,157.063004],"rotationMatrix":[0.632954001,0.774189413,0,-0.774189413,0.632954001,0,0,0,1],"scale":1.20000005,"type":"utah2_rock_big_2_d"}
{"pos":[-167.779007,-80.6261978,155.617996],"rotationMatrix":[0.479973912,0.877282739,0,-0.877282739,0.479973912,0,0,0,1],"scale":1.20000005,"type":"utah2_rock_big_2_d"}
{"pos":[-203.300995,-103.196999,154.205002],"rotationMatrix":[0.741796374,0.67062521,0,-0.67062521,0.741796374,0,0,0,1],"scale":1.20000005,"type":"utah2_rock_big_2_d"}
{"pos":[-235.520996,-178.505005,157.263],"rotationMatrix":[0.625864625,0.779931724,0,-0.779931724,0.625864625,0,0,0,1],"scale":0.929499984,"type":"utah2_rock_big_2_d"}
{"pos":[-42.7666016,-311.414001,136.044998],"rotationMatrix":[0.56729126,0.712881386,-0.412287235,-0.300024807,-0.28732425,-0.909631729,-0.766919672,0.639722526,0.0508855581],"scale":1.29550004,"type":"utah2_rock_big_2_d"}
{"pos":[-77.706398,-287.178009,132.425003],"rotationMatrix":[-0.494863093,-0.740747333,-0.454316974,0.334595054,0.320081353,-0.886337459,0.801970482,-0.590627909,0.0894539356],"scale":2.09100008,"type":"utah2_rock_big_2_d"}
{"pos":[-322.980011,-180.235001,154.501007],"rotationMatrix":[0.999999762,0.000690533896,0,-0.000690533896,0.999999762,0,0,0,1],"scale":1.20000005,"type":"utah2_rock_big_2_d"}
{"pos":[-463.760895,-115.166092,214.714996],"rotationMatrix":[0.999890566,0.0147937918,0,-0.0147272414,0.995392442,0.0947452039,0.00140164071,-0.0947348326,0.995501339],"scale":1.52160001,"type":"utah2_rock_big_2_d"}
{"pos":[-436.777008,-103.366997,218.869995],"rotationMatrix":[0.661664605,0.749799967,0,-0.749799967,0.661664605,0,0,0,1],"scale":1.20000005,"type":"utah2_rock_big_2_d"}
{"pos":[-424.593994,-2.77399993,220.266006],"rotationMatrix":[-0.4432832,0.896381617,0,-0.896381617,-0.4432832,0,0,0,1],"scale":1.20000005,"type":"utah2_rock_big_2_d"}
{"pos":[-378.890015,-207.669006,145.858994],"rotationMatrix":[0.904693604,0.426062763,0,-0.426062763,0.904693604,0,0,0,1],"scale":1.79040003,"type":"utah2_rock_big_2_d"}
{"pos":[-428.373993,-243.723007,153.048996],"rotationMatrix":[-0.954639733,0.297763288,0,-0.297763288,-0.954639733,0,0,0,1],"scale":1.20000005,"type":"utah2_rock_big_2_d"}
{"pos":[-474.973999,-214.147995,156.787003],"rotationMatrix":[0.997591853,0.0693577304,0,-0.0693577304,0.997591853,0,0,0,1],"scale":1.20000005,"type":"utah2_rock_big_2_d"}
{"pos":[-485.511993,-243.882996,154.393005],"rotationMatrix":[-0.93207103,-0.362275571,0,0.362275571,-0.93207103,0,0,0,1],"scale":1.20000005,"type":"utah2_rock_big_2_d"}
{"pos":[-365.811005,-314.837006,143.162003],"rotationMatrix":[0.660857439,0.750511467,0,-0.750511467,0.660857439,0,0,0,1],"scale":1.72360003,"type":"utah2_rock_big_2_d"}
{"pos":[-363.647003,-331.322998,150.979996],"rotationMatrix":[0.321353674,0.946959257,0,-0.946959257,0.321353674,0,0,0,1],"scale":1.20000005,"type":"utah2_rock_big_2_d"}
{"pos":[-394.802002,-264.835999,152.335999],"rotationMatrix":[-0.946403563,0.322986513,0,-0.322986513,-0.946403563,0,0,0,1],"scale":1.20000005,"type":"utah2_rock_big_2_d"}
{"pos":[-381.230988,-334.183014,149.834],"rotationMatrix":[0.977780342,0.209632069,0,-0.209632069,0.977780342,0,0,0,1],"scale":1.20000005,"type":"utah2_rock_big_2_d"}
{"pos":[-415.522003,-332.998993,150.401001],"rotationMatrix":[0.441343904,-0.897338033,0,0.897338033,0.441343904,0,0,0,1],"scale":1.20000005,"type":"utah2_rock_big_2_d"}
{"pos":[-80.7612991,-712.882019,107.638],"rotationMatrix":[0.655874014,-0.754870355,0,0.754870355,0.655874014,0,0,0,1],"scale":1.20000005,"type":"utah2_rock_big_2_d"}
{"pos":[-94.7453995,-699.200012,106.865997],"rotationMatrix":[0.256493688,-0.96654588,0,0.96654588,0.256493688,0,0,0,1],"scale":1.20000005,"type":"utah2_rock_big_2_d"}
{"pos":[-5.08799982,-901.067993,119.195999],"rotationMatrix":[-0.962133408,0.272578984,0,-0.272578984,-0.962133408,0,0,0,1],"scale":1.20000005,"type":"utah2_rock_big_2_d"}
{"pos":[-37.277401,-943.440979,157.660004],"rotationMatrix":[-0.0146976113,-0.999891937,0.000291789387,-0.0260988269,9.19103622e-05,-0.999659359,0.999551296,-0.01470022,-0.0260973573],"scale":1.99160004,"type":"utah2_rock_big_2_d"}
{"pos":[-212.363007,-961.267029,143.354004],"rotationMatrix":[-0.811979115,0.583686471,0,-0.583686471,-0.811979115,0,0,0,1],"scale":1.20000005,"type":"utah2_rock_big_2_d"}
{"pos":[-499.200989,-541.893982,147.852005],"rotationMatrix":[0.0858615637,0.996307075,-8.39903714e-06,-0.991786182,0.0854711533,-0.0951567814,-0.094804652,0.00817864016,0.995462298],"scale":1.10640001,"type":"utah2_rock_big_2_d"}
{"pos":[-479.854004,-599.487976,133.600998],"rotationMatrix":[-0.311561346,0.950226068,0,-0.950226068,-0.311561346,0,0,0,1],"scale":1.20000005,"type":"utah2_rock_big_2_d"}
{"pos":[-418.52301,-844.968018,109.814003],"rotationMatrix":[-0.997387767,0.0722332373,4.959129e-05,-0.0719088241,-0.992842913,-0.0953523517,-0.00683837244,-0.0951068401,0.995443583],"scale":1.20000005,"type":"utah2_rock_big_2_d"}
{"pos":[-410.260986,-929.203979,124.626999],"rotationMatrix":[-0.987581372,-0.157108352,0,0.157108352,-0.987581372,0,0,0,1],"scale":1.20000005,"type":"utah2_rock_big_2_d"}
{"pos":[-401.411011,-968.413025,145.024002],"rotationMatrix":[-0.753193736,-0.657798767,0,0.657798767,-0.753193736,0,0,0,1],"scale":1.20000005,"type":"utah2_rock_big_2_d"}
{"pos":[-450.583008,-987.062988,144.988998],"rotationMatrix":[-0.983727157,0.179668814,0,-0.179668814,-0.983727157,0,0,0,1],"scale":1.20000005,"type":"utah2_rock_big_2_d"}
{"pos":[-487.088989,-990.546997,145.005997],"rotationMatrix":[-0.993525028,0.113613456,0,-0.113613456,-0.993525028,0,0,0,1],"scale":1.20000005,"type":"utah2_rock_big_2_d"}
{"pos":[-547.991028,-14.3978996,273.506012],"rotationMatrix":[0.77492857,0.632048845,-4.00798453e-05,-0.622594178,0.763325691,-0.172367007,-0.108913772,0.133597076,0.985032797],"scale":1.55569994,"type":"utah2_rock_big_2_d"}
{"pos":[-509.480988,-50.7402992,228.203995],"rotationMatrix":[0.987006068,0.160682991,0,-0.160682991,0.987006068,0,0,0,1],"scale":1.20000005,"type":"utah2_rock_big_2_d"}
{"pos":[-582.721008,-29.1900005,272.359985],"rotationMatrix":[0.999221087,-0.0394616313,4.09420772e-06,0.0391712412,0.991855502,-0.121195197,0.00477849925,0.121100962,0.992628694],"scale":1.58930004,"type":"utah2_rock_big_2_d"}
{"pos":[-612.442993,-15.9038,278.329987],"rotationMatrix":[0.86698246,-0.49833864,0,0.49833864,0.86698246,0,0,0,1],"scale":1.20000005,"type":"utah2_rock_big_2_d"}
{"pos":[-610.421997,-118.474998,219.085007],"rotationMatrix":[-0.64383471,-0.765164614,0,0.765164614,-0.64383471,0,0,0,1],"scale":1.20000005,"type":"utah2_rock_big_2_d"}
{"pos":[-509.489014,-206.414993,162.436996],"rotationMatrix":[0.638615131,0.769526303,0,-0.769526303,0.638615131,0,0,0,1],"scale":1.20000005,"type":"utah2_rock_big_2_d"}
{"pos":[-651.710999,-61.165699,238.279007],"rotationMatrix":[0.913643122,0.406517208,0,-0.406517208,0.913643122,0,0,0,1],"scale":1.20000005,"type":"utah2_rock_big_2_d"}
{"pos":[-662.781982,-115.521004,223.283997],"rotationMatrix":[0.403529644,0.914966583,0,-0.914966583,0.403529644,0,0,0,1],"scale":1.20000005,"type":"utah2_rock_big_2_d"}
{"pos":[-691.997009,-14.7608995,278.420013],"rotationMatrix":[0.939589381,0.342303663,0,-0.342303663,0.939589381,0,0,0,1],"scale":1.20000005,"type":"utah2_rock_big_2_d"}
{"pos":[-732.143982,-64.8339996,269.161987],"rotationMatrix":[0.592460275,0.805599689,0,-0.805599689,0.592460275,0,0,0,1],"scale":1.79330003,"type":"utah2_rock_big_2_d"}
{"pos":[-529.991028,-481.039001,148.628006],"rotationMatrix":[-0.560449719,0.828188479,0,-0.828188479,-0.560449719,0,0,0,1],"scale":1.20000005,"type":"utah2_rock_big_2_d"}
{"pos":[-564.83197,-400.23999,151.363007],"rotationMatrix":[0.171051025,0.985262156,0,-0.985262156,0.171051025,0,0,0,1],"scale":1.20000005,"type":"utah2_rock_big_2_d"}
{"pos":[-568.124023,-376.455994,156.791],"rotationMatrix":[-0.399524391,0.916722536,-1.94939985e-05,-0.914425552,-0.398524821,-0.0707379133,-0.0648548082,-0.0282436963,0.997494936],"scale":0.7676,"type":"utah2_rock_big_2_d"}
{"pos":[-762.039001,-158.664993,257.350006],"rotationMatrix":[0.256493688,0.96654588,0,-0.96654588,0.256493688,0,0,0,1],"scale":1.20000005,"type":"utah2_rock_big_2_d"}
{"pos":[-772.466003,-166.526993,260.479004],"rotationMatrix":[-0.995675325,-0.0929012746,0,0.0929012746,-0.995675325,0,0,0,1],"scale":1.20000005,"type":"utah2_rock_big_2_d"}
{"pos":[-771.84198,-171.475006,260.44101],"rotationMatrix":[0.962678909,0.270646125,0,-0.270646125,0.962678909,0,0,0,1],"scale":1.20000005,"type":"utah2_rock_big_2_d"}
{"pos":[-772.603027,-167.113007,277.246002],"rotationMatrix":[-0.96764046,-0.252332985,-4.09983022e-06,0.251584083,-0.964769781,0.0769722089,-0.0194265842,0.074480392,0.997033238],"scale":1.20000005,"type":"utah2_rock_big_2_d"}
{"pos":[-771.482971,-170.888,277.294006],"rotationMatrix":[0.953514576,0.301346898,8.39771837e-06,-0.300147563,0.949717164,0.0891557783,0.0268588401,-0.0850138515,0.996017694],"scale":1.20000005,"type":"utah2_rock_big_2_d"}
{"pos":[-807.034973,-236.141006,258.540985],"rotationMatrix":[-0.574225962,0.818696856,0,-0.818696856,-0.574225962,0,0,0,1],"scale":2.5374999,"type":"utah2_rock_big_2_d"}
{"pos":[-860.612976,-221.569,273.789001],"rotationMatrix":[0.754024625,0.656846166,0,-0.656846166,0.754024625,0,0,0,1],"scale":1.51409996,"type":"utah2_rock_big_2_d"}
{"pos":[-814.135986,-240.774994,260.415009],"rotationMatrix":[0.488765478,-0.872415245,0,0.872415245,0.488765478,0,0,0,1],"scale":2.42350006,"type":"utah2_rock_big_2_d"}
{"pos":[-919.986023,-58.1484985,261.542999],"rotationMatrix":[0.0530149937,0.998593688,0,-0.998593688,0.0530149937,0,0,0,1],"scale":1.20000005,"type":"utah2_rock_big_2_d"}
{"pos":[-922.302002,-42.0317001,278.356995],"rotationMatrix":[0.566464305,0.823356211,0.0346812531,-0.135267392,0.13441205,-0.981649697,-0.812908947,0.55137825,0.187512875],"scale":0.623700023,"type":"utah2_rock_big_2_d"}
{"pos":[-923.387024,-85.1197968,263.212006],"rotationMatrix":[0.122106075,0.992517054,0,-0.992517054,0.122106075,0,0,0,1],"scale":1.20000005,"type":"utah2_rock_big_2_d"}
{"pos":[-983.211975,-174.653,283.300995],"rotationMatrix":[0.71360445,0.700548828,0,-0.700548828,0.71360445,0,0,0,1],"scale":1.20000005,"type":"utah2_rock_big_2_d"}
{"pos":[-943.400024,-248.901001,278.121002],"rotationMatrix":[0.193811059,0.981038868,0,-0.981038868,0.193811059,0,0,0,1],"scale":1.20000005,"type":"utah2_rock_big_2_d"}
{"pos":[-837.226013,-258.440002,242.179001],"rotationMatrix":[0.358349919,0.933587372,0,-0.933587372,0.358349919,0,0,0,1],"scale":1.20000005,"type":"utah2_rock_big_2_d"}
{"pos":[-838.71698,-385.979004,218.695999],"rotationMatrix":[-0.585231304,0.810866416,0,-0.810866416,-0.585231304,0,0,0,1],"scale":1.20000005,"type":"utah2_rock_big_2_d"}
{"pos":[-894.075012,-266.312012,268.149994],"rotationMatrix":[0.816721201,0.577032447,-3.47911482e-05,-0.576009929,0.815270305,-0.0595558621,-0.0343373008,0.0486605763,0.998224974],"scale":1.78059995,"type":"utah2_rock_big_2_d"}
{"pos":[-900.901001,-342.031006,230.503998],"rotationMatrix":[-0.902323008,0.431060553,0,-0.431060553,-0.902323008,0,0,0,1],"scale":1.20000005,"type":"utah2_rock_big_2_d"}
{"pos":[-985.620972,-316.27301,275.184998],"rotationMatrix":[0.0118790865,0.999929428,0,-0.999929428,0.0118790865,0,0,0,1],"scale":1.49080002,"type":"utah2_rock_big_2_d"}
{"pos":[-931.885986,-385.255005,273.40799],"rotationMatrix":[-0.431405902,0.902157962,0,-0.902157962,-0.431405902,0,0,0,1],"scale":1.58440006,"type":"utah2_rock_big_2_d"}
{"pos":[-891.280029,-452.705994,276.549011],"rotationMatrix":[-0.893313706,0.449433655,9.16516656e-05,-0.448974043,-0.892390907,-0.0453957357,-0.0203205813,-0.0405937806,0.998969078],"scale":1.37810004,"type":"utah2_rock_big_2_d"}
{"pos":[-950.487,-375.920013,274.921997],"rotationMatrix":[-0.452141047,0.891946435,5.13332134e-06,-0.890519857,-0.451417565,-0.0565379672,-0.0504265241,-0.0255677085,0.99840045],"scale":1.48239994,"type":"utah2_rock_big_2_d"}
{"pos":[-500.165009,-541.810974,147.759995],"rotationMatrix":[0.0858615637,0.996307075,-8.39903714e-06,-0.991786182,0.0854711533,-0.0951567814,-0.094804652,0.00817864016,0.995462298],"scale":1.10640001,"type":"utah2_rock_big_2_d"}
{"pos":[-619.895996,-705.520996,140.457001],"rotationMatrix":[0.215518475,0.976499736,0,-0.976499736,0.215518475,0,0,0,1],"scale":1.20000005,"type":"utah2_rock_big_2_d"}
{"pos":[-735.872009,-557.471985,217.013],"rotationMatrix":[-0.988508165,0.151167482,0,-0.151167482,-0.988508165,0,0,0,1],"scale":1.20000005,"type":"utah2_rock_big_2_d"}
{"pos":[-716.991028,-580.242004,216.268997],"rotationMatrix":[-0.402716339,0.915324807,0,-0.915324807,-0.402716339,0,0,0,1],"scale":1.20000005,"type":"utah2_rock_big_2_d"}
{"pos":[-660.086975,-747.159973,101.028],"rotationMatrix":[0.539830208,0.841773927,-4.45806909e-05,-0.837659836,0.537186623,-0.0987749472,-0.0831222311,0.0533590466,0.995109797],"scale":2.40070009,"type":"utah2_rock_big_2_d"}
{"pos":[-686.114014,-744.064026,137.112],"rotationMatrix":[-0.579414845,0.81503278,0,-0.81503278,-0.579414845,0,0,0,1],"scale":1.20000005,"type":"utah2_rock_big_2_d"}
{"pos":[-645.145996,-709.625977,142.044998],"rotationMatrix":[0.998719931,-0.0505816191,0,0.0505816191,0.998719931,0,0,0,1],"scale":1.20000005,"type":"utah2_rock_big_2_d"}
{"pos":[-549.807983,-827.684998,122.985001],"rotationMatrix":[-0.575817108,-0.817578554,-3.4893772e-05,0.765976787,-0.539459288,-0.349661618,0.285857022,-0.20136787,0.936876059],"scale":0.764699996,"type":"utah2_rock_big_2_d"}
{"pos":[-558.232971,-946.11499,144.358002],"rotationMatrix":[-0.910620153,-0.413244396,0,0.413244396,-0.910620153,0,0,0,1],"scale":1.20000005,"type":"utah2_rock_big_2_d"}
{"pos":[-602.239014,-988.370972,144.701004],"rotationMatrix":[-0.828652024,-0.559764087,0,0.559764087,-0.828652024,0,0,0,1],"scale":1.20000005,"type":"utah2_rock_big_2_d"}
{"pos":[-683.961975,-780.265991,105.986],"rotationMatrix":[0.833192468,0.552983105,0,-0.552983105,0.833192468,0,0,0,1],"scale":1.50390005,"type":"utah2_rock_big_2_d"}
{"pos":[-718.56897,-793.393005,103.102997],"rotationMatrix":[0.998799562,0.0489840172,0,-0.0489840172,0.998799562,0,0,0,1],"scale":1.20000005,"type":"utah2_rock_big_2_d"}
{"pos":[-692.963989,-758.572998,132.335999],"rotationMatrix":[0.691725254,0.722160757,0,-0.722160757,0.691725254,0,0,0,1],"scale":1.49010003,"type":"utah2_rock_big_2_d"}
{"pos":[-704.018005,-991.072021,144.354996],"rotationMatrix":[-0.922229946,0.38664186,0,-0.38664186,-0.922229946,0,0,0,1],"scale":1.20000005,"type":"utah2_rock_big_2_d"}
{"pos":[-730.195984,-990.04303,144.761993],"rotationMatrix":[-0.979111791,0.203322649,0,-0.203322649,-0.979111791,0,0,0,1],"scale":1.20000005,"type":"utah2_rock_big_2_d"}
{"pos":[-771.442017,-534.810974,216.651993],"rotationMatrix":[-0.976455688,0.215718076,0,-0.215718076,-0.976455688,0,0,0,1],"scale":1.20000005,"type":"utah2_rock_big_2_d"}
{"pos":[-754.526978,-541.549011,212.186996],"rotationMatrix":[-0.994254529,0.107041724,0,-0.107041724,-0.994254529,0,0,0,1],"scale":1.50909996,"type":"utah2_rock_big_2_d"}
{"pos":[-872.906982,-563.307007,239.873001],"rotationMatrix":[0.994991183,-0.00322897779,-0.0999105573,0.00518909656,0.999799013,0.0193650872,0.0998279452,-0.0197865367,0.994807959],"scale":1.20000005,"type":"utah2_rock_big_2_d"}
{"pos":[-767.557007,-652.374023,212.464005],"rotationMatrix":[0.749098897,-0.662458181,0,0.662458181,0.749098897,0,0,0,1],"scale":1.49749994,"type":"utah2_rock_big_2_d"}
{"pos":[-828.776978,-729.765015,141.406998],"rotationMatrix":[-0.345420539,0.938448012,0,-0.938448012,-0.345420539,0,0,0,1],"scale":1.20000005,"type":"utah2_rock_big_2_d"}
{"pos":[-842.79303,-742.903992,131.75],"rotationMatrix":[0.708302736,0.705908775,0,-0.705908775,0.708302736,0,0,0,1],"scale":1.78820002,"type":"utah2_rock_big_2_d"}
{"pos":[-871.598999,-738.609985,138.914993],"rotationMatrix":[0.971537352,-0.236886412,0,0.236886412,0.971537352,0,0,0,1],"scale":1.20000005,"type":"utah2_rock_big_2_d"}
{"pos":[-870.950012,-746.612,127.911003],"rotationMatrix":[0.919847012,0.3922773,0,-0.3922773,0.919847012,0,0,0,1],"scale":1.20000005,"type":"utah2_rock_big_2_d"}
{"pos":[-891.213013,-558.254028,264.43399],"rotationMatrix":[0.94035244,0.340201825,0,-0.340201825,0.94035244,0,0,0,1],"scale":2.23519993,"type":"utah2_rock_big_2_d"}
{"pos":[-949.880005,-582.643005,273.450989],"rotationMatrix":[0.830875874,0.556457818,0,-0.556457818,0.830875874,0,0,0,1],"scale":1.7191,"type":"utah2_rock_big_2_d"}
{"pos":[-886.853027,-565.455017,243.270004],"rotationMatrix":[0.473221302,0.880590737,0.0249315687,-0.880607307,0.472069263,0.0410049371,0.0243391413,-0.0413593315,0.998847842],"scale":1.20000005,"type":"utah2_rock_big_2_d"}
{"pos":[-915.877014,-577.062988,240.975998],"rotationMatrix":[0.658705711,0.752400696,0,-0.752400696,0.658705711,0,0,0,1],"scale":1.20000005,"type":"utah2_rock_big_2_d"}
{"pos":[-913.640991,-572.887024,240.658005],"rotationMatrix":[0.763695717,-0.642693758,0.0609393232,0.645498872,0.761657238,-0.0566524006,-0.0100047337,0.0826014578,0.99653244],"scale":1.20000005,"type":"utah2_rock_big_2_d"}
{"pos":[-900.21698,-632.664001,209.199005],"rotationMatrix":[0.307604432,0.951514304,0,-0.951514304,0.307604432,0,0,0,1],"scale":2.04949999,"type":"utah2_rock_big_2_d"}
{"pos":[-936.143982,-649.369019,221.619995],"rotationMatrix":[0.941654086,0.336582214,0,-0.336582214,0.941654086,0,0,0,1],"scale":1.20000005,"type":"utah2_rock_big_2_d"}
{"pos":[-923.304016,-729.502014,110.405998],"rotationMatrix":[0.933892965,-0.357552707,0,0.357552707,0.933892965,0,0,0,1],"scale":1.41110003,"type":"utah2_rock_big_2_d"}
{"pos":[-905.281982,-736.666992,111.143997],"rotationMatrix":[0.999640942,-0.0267952941,0,0.0267952941,0.999640942,0,0,0,1],"scale":1.33949995,"type":"utah2_rock_big_2_d"}
{"pos":[-890.237,-743.695007,108.328003],"rotationMatrix":[0.99967742,0.0253979657,0,-0.0253979657,0.99967742,0,0,0,1],"scale":1.54299998,"type":"utah2_rock_big_2_d"}
{"pos":[-898.036987,-731.921021,127.161003],"rotationMatrix":[0.612448096,-0.790510774,0,0.790510774,0.612448096,0,0,0,1],"scale":1.20000005,"type":"utah2_rock_big_2_d"}
{"pos":[-908.937012,-698.458984,147.869995],"rotationMatrix":[-0.229677916,0.973266661,6.70395675e-05,-0.973186672,-0.229659915,0.0128070591,0.0124800801,0.00287625659,0.999917984],"scale":1.20000005,"type":"utah2_rock_big_2_d"}
{"pos":[-840.119995,-757.539001,107.433998],"rotationMatrix":[0.942536116,0.33410427,0,-0.33410427,0.942536116,0,0,0,1],"scale":1.59329998,"type":"utah2_rock_big_2_d"}
{"pos":[-794.239014,-926.677979,136.093002],"rotationMatrix":[-0.934651196,-0.355565935,5.88486364e-05,0.353553504,-0.929343641,0.106396973,-0.0377764478,0.0994648635,0.99432373],"scale":1.74849999,"type":"utah2_rock_big_2_d"}
{"pos":[-811.286011,-936.096985,143.679993],"rotationMatrix":[-0.653371394,-0.75703752,0,0.75703752,-0.653371394,0,0,0,1],"scale":1.20000005,"type":"utah2_rock_big_2_d"}
{"pos":[-768.916992,-951.698975,145.125],"rotationMatrix":[-0.158598363,0.987343192,0,-0.987343192,-0.158598363,0,0,0,1],"scale":1.20000005,"type":"utah2_rock_big_2_d"}
{"pos":[-820.901001,-945.502991,144.061005],"rotationMatrix":[-0.905643344,-0.424040258,0,0.424040258,-0.905643344,0,0,0,1],"scale":1.20000005,"type":"utah2_rock_big_2_d"}
{"pos":[-837.031982,-978.210022,144.033005],"rotationMatrix":[-0.79045254,-0.612523317,0,0.612523317,-0.79045254,0,0,0,1],"scale":1.20000005,"type":"utah2_rock_big_2_d"}
{"pos":[-875.140015,-973.257996,144.373993],"rotationMatrix":[-0.924189329,0.381934673,0,-0.381934673,-0.924189329,0,0,0,1],"scale":1.20000005,"type":"utah2_rock_big_2_d"}
{"pos":[-980.471985,-895.700989,134.705002],"rotationMatrix":[-0.156070232,0.987745941,0,-0.987745941,-0.156070232,0,0,0,1],"scale":1.95519996,"type":"utah2_rock_big_2_d"}
{"pos":[-1008.5,-186.421005,284.388],"rotationMatrix":[0.881323576,0.472513229,0,-0.472513229,0.881323576,0,0,0,1],"scale":1.20000005,"type":"utah2_rock_big_2_d"}
{"pos":[-1013.38,-195.076996,281.515015],"rotationMatrix":[-0.127972782,0.979065359,-0.158284634,-0.62458837,-0.203532338,-0.753965497,-0.770397544,0.00237567443,0.637559414],"scale":1.20000005,"type":"utah2_rock_big_2_d"}
{"pos":[-1182.20752,-622.712952,263.141907],"rotationMatrix":[0.927729011,0.373254448,0,-0.373254448,0.927729011,0,0,0,1],"scale":1.78320003,"type":"utah2_rock_big_2_d"}
{"pos":[-1009.88,-859.450012,143.990005],"rotationMatrix":[0.498193979,0.867065609,0,-0.867065609,0.498193979,0,0,0,1],"scale":1.20000005,"type":"utah2_rock_big_2_d"}
{"pos":[-1022.12,-760.403992,100.130997],"rotationMatrix":[0.237149596,0.971473157,0,-0.971473157,0.237149596,0,0,0,1],"scale":3.77740002,"type":"utah2_rock_big_2_d"}
{"pos":[-1037.80005,-756.43103,101.587997],"rotationMatrix":[-0.179723322,-0.983717203,0,0.983717203,-0.179723322,0,0,0,1],"scale":3.71099997,"type":"utah2_rock_big_2_d"}
{"pos":[-1028.98999,-679.205017,154.535995],"rotationMatrix":[0.999619126,0.0275971424,0,-0.0275971424,0.999619126,0,0,0,1],"scale":4.91730022,"type":"utah2_rock_big_2_d"}
{"pos":[-1027.93994,-670.336975,162.046005],"rotationMatrix":[-0.998923481,-0.0463883616,0,0.0463883616,-0.998923481,0,0,0,1],"scale":4.37769985,"type":"utah2_rock_big_2_d"}
{"pos":[-1009.98999,-675.879028,134.608994],"rotationMatrix":[0.935703754,0.35278675,0,-0.35278675,0.935703754,0,0,0,1],"scale":2.91759992,"type":"utah2_rock_big_2_d"}
{"pos":[-1008.5,-679.304016,83.2102966],"rotationMatrix":[0.236331105,-0.971672595,0,0.971672595,0.236331105,0,0,0,1],"scale":6.03499985,"type":"utah2_rock_big_2_d"}
{"pos":[-1001.91998,-601.229004,241.893997],"rotationMatrix":[0.934046507,-0.357151389,0,0.357151389,0.934046507,0,0,0,1],"scale":1.20000005,"type":"utah2_rock_big_2_d"}
{"pos":[-1021.79999,-602.950989,228.875],"rotationMatrix":[0.324192286,0.945991218,0,-0.945991218,0.324192286,0,0,0,1],"scale":1.20000005,"type":"utah2_rock_big_2_d"}
{"pos":[-1017.57001,-604.664001,230.121994],"rotationMatrix":[0.847529173,-0.530748785,0,0.530748785,0.847529173,0,0,0,1],"scale":1.20000005,"type":"utah2_rock_big_2_d"}
{"pos":[-161.604095,948.451538,267.261261],"rotationMatrix":[0.999455452,0.0329969637,0,-0.0329969637,0.999455452,0,0,0,1],"scale":1.92420006,"type":"utah2_rock_big_2_d"}
{"pos":[-184.005997,950.119019,267.110992],"rotationMatrix":[0.158059835,0.986927569,-0.0314818025,-0.987393916,0.15824461,0.00345106656,0.00838777795,0.0305394642,0.999498367],"scale":2.00180006,"type":"utah2_rock_big_2_d"}
{"pos":[-190.005005,948.151978,273.701996],"rotationMatrix":[0.985752344,-0.168203205,0,0.168203205,0.985752344,0,0,0,1],"scale":1.54509997,"type":"utah2_rock_big_2_d"}
{"pos":[-205.082001,939.124023,278.35199],"rotationMatrix":[0.991576195,0.129524708,0,-0.129524708,0.991576195,0,0,0,1],"scale":1.20000005,"type":"utah2_rock_big_2_d"}
{"pos":[-74.4608994,633.309021,217.625],"rotationMatrix":[0.138819933,0.990317643,0,-0.990317643,0.138819933,0,0,0,1],"scale":1.20000005,"type":"utah2_rock_big_2_d"}
{"pos":[-27.2315998,589.892029,180.904007],"rotationMatrix":[0.329070568,0.94430536,0,-0.94430536,0.329070568,0,0,0,1],"scale":1.20000005,"type":"utah2_rock_big_2_d"}
{"pos":[-50.7144012,564.320007,194.406998],"rotationMatrix":[0.705574155,0.669380426,-0.232583165,-0.511908293,0.254505396,-0.820473552,-0.490015298,0.697966218,0.522233844],"scale":1.20000005,"type":"utah2_rock_big_2_d"}
{"pos":[-58.6557999,576.388977,202.654007],"rotationMatrix":[0.810303211,0.556807816,-0.182684869,-0.260704309,0.0633288622,-0.963339388,-0.524825633,0.828223705,0.196477771],"scale":1.20000005,"type":"utah2_rock_big_2_d"}
{"pos":[-72.2533035,606.317993,211.132004],"rotationMatrix":[0.550666094,0.789240062,-0.271784872,-0.647357464,0.198236585,-0.735955536,-0.526967883,0.581207693,0.620082617],"scale":1.20000005,"type":"utah2_rock_big_2_d"}
{"pos":[-74.523201,602.791016,207.621002],"rotationMatrix":[-0.135578275,0.647337496,-0.750048459,-0.879964888,-0.42655313,-0.209079444,-0.455280483,0.6316697,0.627465606],"scale":2.02509999,"type":"utah2_rock_big_2_d"}
{"pos":[-78.2507019,543.252014,206.403],"rotationMatrix":[-0.504607797,0.863348722,-1.72299679e-05,-0.860067487,-0.502691746,-0.0870914236,-0.075198926,-0.043932192,0.996200323],"scale":1.20000005,"type":"utah2_rock_big_2_d"}
{"pos":[-255.947006,906.47699,267.873993],"rotationMatrix":[-0.0428405404,0.99908191,0,-0.99908191,-0.0428405404,0,0,0,1],"scale":1.93079996,"type":"utah2_rock_big_2_d"}
{"pos":[-347.531006,880.284973,278.988007],"rotationMatrix":[0.910360098,-0.413816988,0,0.413816988,0.910360098,0,0,0,1],"scale":1.20000005,"type":"utah2_rock_big_2_d"}
{"pos":[-270.783997,816.039001,273.51001],"rotationMatrix":[0.941454887,-0.337138981,0,0.337138981,0.941454887,0,0,0,1],"scale":1.49979997,"type":"utah2_rock_big_2_d"}
{"pos":[-300.347992,824.322021,277.725006],"rotationMatrix":[0.96429956,-0.264813811,0,0.264813811,0.96429956,0,0,0,1],"scale":1.39750004,"type":"utah2_rock_big_2_d"}
{"pos":[-276.283997,753.994019,224.998001],"rotationMatrix":[-0.468135118,0.883656919,0,-0.883656919,-0.468135118,0,0,0,1],"scale":1.20000005,"type":"utah2_rock_big_2_d"}
{"pos":[-252.744995,763.140015,220.535004],"rotationMatrix":[0.881208897,0.47272706,0,-0.47272706,0.881208897,0,0,0,1],"scale":1.61479998,"type":"utah2_rock_big_2_d"}
{"pos":[-376.774994,883.887024,276.398987],"rotationMatrix":[0.99940145,-0.034593951,0,0.034593951,0.99940145,0,0,0,1],"scale":1.421,"type":"utah2_rock_big_2_d"}
{"pos":[-393.217987,890.992981,281.419006],"rotationMatrix":[0.313614845,-0.949550271,0,0.949550271,0.313614845,0,0,0,1],"scale":1.20000005,"type":"utah2_rock_big_2_d"}
{"pos":[-398.449005,906.492981,279.567993],"rotationMatrix":[0.625375032,-0.78032434,0,0.78032434,0.625375032,0,0,0,1],"scale":1.20000005,"type":"utah2_rock_big_2_d"}
{"pos":[-407.957001,913.012024,277.665009],"rotationMatrix":[0.571072221,0.820899844,0,-0.820899844,0.571072221,0,0,0,1],"scale":1.32539999,"type":"utah2_rock_big_2_d"}
{"pos":[-420.162994,909.76001,280.717987],"rotationMatrix":[0.989459276,-0.144811392,0,0.144811392,0.989459276,0,0,0,1],"scale":1.20000005,"type":"utah2_rock_big_2_d"}
{"pos":[-449.355988,909.187988,280.130005],"rotationMatrix":[0.999932766,-0.0115958424,0,0.0115958424,0.999932766,0,0,0,1],"scale":1.20000005,"type":"utah2_rock_big_2_d"}
{"pos":[-468.446991,908.955017,280.106995],"rotationMatrix":[0.958875775,-0.283826083,0,0.283826083,0.958875775,0,0,0,1],"scale":1.20000005,"type":"utah2_rock_big_2_d"}
{"pos":[-499.223999,910.151978,279.373993],"rotationMatrix":[0.888418198,-0.459034979,0,0.459034979,0.888418198,0,0,0,1],"scale":1.20000005,"type":"utah2_rock_big_2_d"}
{"pos":[-379.023987,690.125,216.761002],"rotationMatrix":[0.606988907,0.794710279,0,-0.794710279,0.606988907,0,0,0,1],"scale":1.20000005,"type":"utah2_rock_big_2_d"}
{"pos":[-437.48999,662.002991,214.384003],"rotationMatrix":[0.789016724,0.614371717,0,-0.614371717,0.789016724,0,0,0,1],"scale":1.20000005,"type":"utah2_rock_big_2_d"}
{"pos":[-496.080994,641.38501,213.904999],"rotationMatrix":[0.722342491,0.691535473,0,-0.691535473,0.722342491,0,0,0,1],"scale":1.20000005,"type":"utah2_rock_big_2_d"}
{"pos":[-417.859985,599.122986,223.533005],"rotationMatrix":[-0.996074855,-0.0885148719,0,0.0885148719,-0.996074855,0,0,0,1],"scale":1.20000005,"type":"utah2_rock_big_2_d"}
{"pos":[-429.018005,592.68103,234.242004],"rotationMatrix":[-0.794041276,-0.607863843,0,0.607863843,-0.794041276,0,0,0,1],"scale":1.20000005,"type":"utah2_rock_big_2_d"}
{"pos":[-497.444,593.241028,232.669006],"rotationMatrix":[-0.877257645,-0.480019808,-6.51694563e-06,0.471232057,-0.861195028,-0.190482229,0.0914296284,-0.167105064,0.981690645],"scale":1.64339995,"type":"utah2_rock_big_2_d"}
{"pos":[-448.285004,598.375977,234.285004],"rotationMatrix":[-0.92953378,0.368736982,0,-0.368736982,-0.92953378,0,0,0,1],"scale":1.20000005,"type":"utah2_rock_big_2_d"}
{"pos":[-486.296997,501.752991,275.061005],"rotationMatrix":[-0.562892854,0.82652986,0,-0.82652986,-0.562892854,0,0,0,1],"scale":1.20000005,"type":"utah2_rock_big_2_d"}
{"pos":[-53.1473007,477.608002,209.274002],"rotationMatrix":[0.492236614,0.667320788,-0.558915079,-0.496968091,-0.311712027,-0.809850812,-0.714650869,0.676401198,0.178201079],"scale":1.20000005,"type":"utah2_rock_big_2_d"}
{"pos":[-62.0674019,426.838989,222.186005],"rotationMatrix":[-0.275888562,0.961189628,0,-0.961189628,-0.275888562,0,0,0,1],"scale":1.20000005,"type":"utah2_rock_big_2_d"}
{"pos":[-26.1327991,402.459015,221.703003],"rotationMatrix":[-0.412646413,0.910891294,0,-0.910891294,-0.412646413,0,0,0,1],"scale":1.20000005,"type":"utah2_rock_big_2_d"}
{"pos":[-69.3647995,455.127991,222.104004],"rotationMatrix":[-0.738774776,0.673952401,0,-0.673952401,-0.738774776,0,0,0,1],"scale":1.20000005,"type":"utah2_rock_big_2_d"}
{"pos":[-187.970993,416.221008,272.446014],"rotationMatrix":[-0.592820525,0.805334628,0,-0.805334628,-0.592820525,0,0,0,1],"scale":1.67999995,"type":"utah2_rock_big_2_d"}
{"pos":[-150.498993,349.041992,269.723999],"rotationMatrix":[0.920246601,-0.391338974,0,0.391338974,0.920246601,0,0,0,1],"scale":1.81379998,"type":"utah2_rock_big_2_d"}
{"pos":[-125.252998,351.932007,266.809998],"rotationMatrix":[0.611740828,0.791058242,0,-0.791058242,0.611740828,0,0,0,1],"scale":2.08990002,"type":"utah2_rock_big_2_d"}
{"pos":[-90.6639023,186.759003,219.949005],"rotationMatrix":[0.929011941,0.370049745,0,-0.370049745,0.929011941,0,0,0,1],"scale":1.20000005,"type":"utah2_rock_big_2_d"}
{"pos":[-130.080002,200.712997,219.975998],"rotationMatrix":[0.923016548,0.384760261,0,-0.384760261,0.923016548,0,0,0,1],"scale":1.20000005,"type":"utah2_rock_big_2_d"}
{"pos":[-159.414688,228.749542,220.593002],"rotationMatrix":[0.843199968,-0.53760004,0,0.53760004,0.843199968,0,0,0,1],"scale":1.20000005,"type":"utah2_rock_big_2_d"}
{"pos":[-154.751007,16.8652992,157.225006],"rotationMatrix":[0.52291441,-0.852385223,0,0.852385223,0.52291441,0,0,0,1],"scale":1.20000005,"type":"utah2_rock_big_2_d"}
{"pos":[-158.944,72.1380997,160.335999],"rotationMatrix":[0.114502907,-0.993422925,0,0.993422925,0.114502907,0,0,0,1],"scale":1.20000005,"type":"utah2_rock_big_2_d"}
{"pos":[-267.710999,381.434998,277.31601],"rotationMatrix":[0.713474751,-0.700680912,0,0.700680912,0.713474751,0,0,0,1],"scale":1.37759995,"type":"utah2_rock_big_2_d"}
{"pos":[-274.773987,398.528015,273.483002],"rotationMatrix":[0.742219925,-0.67015636,0,0.67015636,0.742219925,0,0,0,1],"scale":1.62769997,"type":"utah2_rock_big_2_d"}
{"pos":[-297.334015,378.260986,279.618011],"rotationMatrix":[0.675626993,0.737243652,-5.14234307e-05,-0.732635915,0.671396613,-0.111674391,-0.0822967067,0.0754879117,0.99374485],"scale":1.20000005,"type":"utah2_rock_big_2_d"}
{"pos":[-279.778992,433.253998,273.48999],"rotationMatrix":[-0.959220231,0.282659769,0,-0.282659769,-0.959220231,0,0,0,1],"scale":1.58889997,"type":"utah2_rock_big_2_d"}
{"pos":[-328.670013,397.286987,277.76001],"rotationMatrix":[-0.574225962,-0.818696856,0,0.818696856,-0.574225962,0,0,0,1],"scale":1.32430005,"type":"utah2_rock_big_2_d"}
{"pos":[-305.102997,349.958008,268.895111],"rotationMatrix":[0.761251092,0.648457229,0,-0.648457229,0.761251092,0,0,0,1],"scale":1.7139467,"type":"utah2_rock_big_2_d"}
{"pos":[-261.931,286.768005,223.447006],"rotationMatrix":[0.959387898,-0.282090157,0,0.282090157,0.959387898,0,0,0,1],"scale":1.20000005,"type":"utah2_rock_big_2_d"}
{"pos":[-289.449005,253.544998,222.035004],"rotationMatrix":[-0.326237082,0.945288002,0,-0.945288002,-0.326237082,0,0,0,1],"scale":1.20000005,"type":"utah2_rock_big_2_d"}
{"pos":[-302.884003,290.417999,227.828995],"rotationMatrix":[-0.556663454,0.830738127,0,-0.830738127,-0.556663454,0,0,0,1],"scale":1.20000005,"type":"utah2_rock_big_2_d"}
{"pos":[-350.813995,318.015015,279.003998],"rotationMatrix":[-0.601644456,0.79876399,0,-0.79876399,-0.601644456,0,0,0,1],"scale":1.20000005,"type":"utah2_rock_big_2_d"}
{"pos":[-354.324005,288.458008,263.525635],"rotationMatrix":[0.808791876,0.58809495,0,-0.58809495,0.808791876,0,0,0,1],"scale":2.19009995,"type":"utah2_rock_big_2_d"}
{"pos":[-498.364014,469.777008,273.916992],"rotationMatrix":[0.377743721,0.925910175,0,-0.925910175,0.377743721,0,0,0,1],"scale":1.59169996,"type":"utah2_rock_big_2_d"}
{"pos":[-426.552002,257.209015,272.173676],"rotationMatrix":[0.726796269,0.686853111,0,-0.686853111,0.726796269,0,0,0,1],"scale":1.61500001,"type":"utah2_rock_big_2_d"}
{"pos":[-431.606995,307.446991,274.238007],"rotationMatrix":[-0.0733461976,-0.997306526,0,0.997306526,-0.0733461976,0,0,0,1],"scale":1.58000004,"type":"utah2_rock_big_2_d"}
{"pos":[-391.850006,288.944,273.623962],"rotationMatrix":[0.913802147,0.40615961,0,-0.40615961,0.913802147,0,0,0,1],"scale":1.53369999,"type":"utah2_rock_big_2_d"}
{"pos":[-444.326996,322.096985,275.976013],"rotationMatrix":[0.185161591,-0.982708097,0,0.982708097,0.185161591,0,0,0,1],"scale":1.45109999,"type":"utah2_rock_big_2_d"}
{"pos":[-469.554993,316.888,279.070007],"rotationMatrix":[-0.9078933,0.419201344,0,-0.419201344,-0.9078933,0,0,0,1],"scale":1.20000005,"type":"utah2_rock_big_2_d"}
{"pos":[-496.282013,331.67099,280.153656],"rotationMatrix":[-0.975313127,0.220826417,0,-0.220826417,-0.975313127,0,0,0,1],"scale":1.20000005,"type":"utah2_rock_big_2_d"}
{"pos":[-444.97699,317.317993,284.497009],"rotationMatrix":[-0.133747816,-0.912796617,-0.385893613,0.692346156,0.192541838,-0.695402384,0.709061563,-0.360180497,0.606219172],"scale":1.31229997,"type":"utah2_rock_big_2_d"}
{"pos":[-285.971985,145.240997,213.781006],"rotationMatrix":[0.0911245346,0.995839477,0,-0.995839477,0.0911245346,0,0,0,1],"scale":1.69930005,"type":"utah2_rock_big_2_d"}
{"pos":[-267.167999,131.942001,205.097],"rotationMatrix":[0.633785963,0.773508489,0,-0.773508489,0.633785963,0,0,0,1],"scale":1.20000005,"type":"utah2_rock_big_2_d"}
{"pos":[-344.140991,210.852005,223.694],"rotationMatrix":[0.94462657,-0.328147292,0,0.328147292,0.94462657,0,0,0,1],"scale":1.20000005,"type":"utah2_rock_big_2_d"}
{"pos":[-332.15799,182.167007,226.994003],"rotationMatrix":[-0.942536056,0.334104449,0,-0.334104449,-0.942536056,0,0,0,1],"scale":0.867299974,"type":"utah2_rock_big_2_d"}
{"pos":[-320.983002,45.9541016,206.005997],"rotationMatrix":[0.343857288,-0.902508914,-0.25930652,-0.129679024,0.227859139,-0.965020001,0.930024445,0.365455776,-0.038685441],"scale":0.940900028,"type":"utah2_rock_big_2_d"}
{"pos":[-293.790985,73.5485992,217.837997],"rotationMatrix":[0.704753518,0.709452212,0,-0.709452212,0.704753518,0,0,0,1],"scale":1.33159995,"type":"utah2_rock_big_2_d"}
{"pos":[-298.006622,77.5335846,219.749771],"rotationMatrix":[-0.648557663,-0.761129081,0.00744849956,0.761047661,-0.648598373,-0.0112592764,0.013400849,-0.00163363619,0.999908864],"scale":1.20000005,"type":"utah2_rock_big_2_d"}
{"pos":[-303.105988,83.6229019,219.731003],"rotationMatrix":[0.725675583,0.687376022,-0.0301516186,-0.687689602,0.726004839,-4.00872559e-05,0.0218626671,0.0207640454,0.999545336],"scale":1.20000005,"type":"utah2_rock_big_2_d"}
{"pos":[-464.317993,164.850006,269.29068],"rotationMatrix":[0.827233553,0.561858237,0,-0.561858237,0.827233553,0,0,0,1],"scale":1.75549996,"type":"utah2_rock_big_2_d"}
{"pos":[-466.583008,214.664993,278.763],"rotationMatrix":[0.180554509,0.983564973,0,-0.983564973,0.180554509,0,0,0,1],"scale":1.20000005,"type":"utah2_rock_big_2_d"}
{"pos":[-386.709015,74.5155029,219.675003],"rotationMatrix":[0.990532517,-0.137278304,0,0.137278304,0.990532517,0,0,0,1],"scale":1.20000005,"type":"utah2_rock_big_2_d"}
{"pos":[-527.630005,896.541992,280.747009],"rotationMatrix":[0.685230255,0.728326499,0,-0.728326499,0.685230255,0,0,0,1],"scale":1.20000005,"type":"utah2_rock_big_2_d"}
{"pos":[-536.210022,878.633972,274.747986],"rotationMatrix":[0.808791876,0.58809495,0,-0.58809495,0.808791876,0,0,0,1],"scale":1.55970001,"type":"utah2_rock_big_2_d"}
{"pos":[-557.98999,876.689026,277.415985],"rotationMatrix":[0.968998313,-0.247067332,0,0.247067332,0.968998313,0,0,0,1],"scale":1.36679995,"type":"utah2_rock_big_2_d"}
{"pos":[-562.302979,879.507019,279.274994],"rotationMatrix":[0.796992302,0.603989482,0,-0.603989482,0.796992302,0,0,0,1],"scale":1.20000005,"type":"utah2_rock_big_2_d"}
{"pos":[-583.958008,898.719971,279.643005],"rotationMatrix":[0.864383459,-0.502833188,0,0.502833188,0.864383459,0,0,0,1],"scale":1.20000005,"type":"utah2_rock_big_2_d"}
{"pos":[-613.30603,901.617004,272.489014],"rotationMatrix":[0.789909363,0.613223612,0,-0.613223612,0.789909363,0,0,0,1],"scale":1.62010002,"type":"utah2_rock_big_2_d"}
{"pos":[-598.021973,898.979004,279.196991],"rotationMatrix":[0.989312172,-0.145812988,0,0.145812988,0.989312172,0,0,0,1],"scale":1.20000005,"type":"utah2_rock_big_2_d"}
{"pos":[-663.728027,907.416992,278.664001],"rotationMatrix":[0.83308661,-0.553142548,0,0.553142548,0.83308661,0,0,0,1],"scale":1.20000005,"type":"utah2_rock_big_2_d"}
{"pos":[-631.783997,899.481995,278.653992],"rotationMatrix":[0.845437646,-0.534074128,0,0.534074128,0.845437646,0,0,0,1],"scale":1.20000005,"type":"utah2_rock_big_2_d"}
{"pos":[-704.794983,840.564026,273.779999],"rotationMatrix":[0.657895803,0.753108978,0,-0.753108978,0.657895803,0,0,0,1],"scale":1.53900003,"type":"utah2_rock_big_2_d"}
{"pos":[-743.536987,807.536011,278.886993],"rotationMatrix":[0.974778652,-0.223173872,0,0.223173872,0.974778652,0,0,0,1],"scale":1.20000005,"type":"utah2_rock_big_2_d"}
{"pos":[-524.481995,643.120972,215.076996],"rotationMatrix":[0.917101502,-0.398653775,0,0.398653775,0.917101502,0,0,0,1],"scale":1.20000005,"type":"utah2_rock_big_2_d"}
{"pos":[-553.877014,592.593994,220.048996],"rotationMatrix":[-0.585593879,-0.810604572,0,0.810604572,-0.585593879,0,0,0,1],"scale":1.20000005,"type":"utah2_rock_big_2_d"}
{"pos":[-520.41803,584.322998,235.229996],"rotationMatrix":[-0.989004493,-0.142495707,0.0395611599,0.134693712,-0.978396595,-0.156836569,0.0610550418,-0.149783432,0.986831903],"scale":1.55420005,"type":"utah2_rock_big_2_d"}
{"pos":[-508.130005,509.390015,279.483002],"rotationMatrix":[-0.712849617,0.701316893,0,-0.701316893,-0.712849617,0,0,0,1],"scale":1.20000005,"type":"utah2_rock_big_2_d"}
{"pos":[-532.705994,529.130005,274.265991],"rotationMatrix":[-0.999488056,0.031994164,0,-0.031994164,-0.999488056,0,0,0,1],"scale":1.4576,"type":"utah2_rock_big_2_d"}
{"pos":[-571.390015,614.405029,215.464005],"rotationMatrix":[-0.12012732,0.992758512,0,-0.992758512,-0.12012732,0,0,0,1],"scale":1.20000005,"type":"utah2_rock_big_2_d"}
{"pos":[-607.541992,566.640015,235.882004],"rotationMatrix":[-0.985275269,-0.170975551,-6.78673168e-05,0.160640791,-0.925583422,-0.342767954,0.0585421212,-0.337731689,0.939420104],"scale":1.20000005,"type":"utah2_rock_big_2_d"}
{"pos":[-573.624023,551.401001,266.078522],"rotationMatrix":[-0.978701174,-0.205290064,0,0.205290064,-0.978701174,0,0,0,1],"scale":1.7119,"type":"utah2_rock_big_2_d"}
{"pos":[-592.489014,527.546021,277.186005],"rotationMatrix":[-0.859016538,-0.511947811,0,0.511947811,-0.859016538,0,0,0,1],"scale":1.20000005,"type":"utah2_rock_big_2_d"}
{"pos":[-675.762024,549.629028,226.817993],"rotationMatrix":[-0.982850373,-0.184404835,0,0.184404835,-0.982850373,0,0,0,1],"scale":1.31630003,"type":"utah2_rock_big_2_d"}
{"pos":[-693.875977,579.117004,225.139008],"rotationMatrix":[-0.5438146,0.839205384,0,-0.839205384,-0.5438146,0,0,0,1],"scale":0.557900012,"type":"utah2_rock_big_2_d"}
{"pos":[-729.463989,581.244995,213.927002],"rotationMatrix":[-0.999651492,-0.0263987742,0,0.0263987742,-0.999651492,0,0,0,1],"scale":1.20000005,"type":"utah2_rock_big_2_d"}
{"pos":[-732.856995,541.281006,237.417999],"rotationMatrix":[-0.976629496,-0.214929819,-5.87187824e-05,0.20618926,-0.936835706,-0.282532901,0.0606697388,-0.275942087,0.959257603],"scale":1.20000005,"type":"utah2_rock_big_2_d"}
