{"pos":[-0.315600008,-43.2146988,171.787003],"rotationMatrix":[0.980022073,-0.0658619776,0.187667087,0.0670684278,0.997748375,-7.91743951e-05,-0.187239319,0.012664129,0.98223269],"scale":1.20000005,"type":"utah2_rock_big_2_c"}
{"pos":[-8.31639957,-40.6058998,171.024002],"rotationMatrix":[0.84026289,-0.542179167,0,0.542179167,0.84026289,0,0,0,1],"scale":1.20000005,"type":"utah2_rock_big_2_c"}
{"pos":[-15.6471996,-36.4155998,170.826004],"rotationMatrix":[0.886496782,-0.460493326,0.0454901643,0.460971057,0.887415171,-1.31436973e-05,-0.0403626114,0.0209813006,0.998964787],"scale":1.20000005,"type":"utah2_rock_big_2_c"}
{"pos":[-24.6905994,-43.8326988,170.789993],"rotationMatrix":[0.774743319,0.632275879,0,-0.632275879,0.774743319,0,0,0,1],"scale":1.20000005,"type":"utah2_rock_big_2_c"}
{"pos":[-32.8639984,-47.9152985,170.669006],"rotationMatrix":[0.954893351,0.294290185,-0.0396482237,-0.294525385,0.955643654,-9.54756106e-05,0.0378614739,0.0117685767,0.999213696],"scale":1.20000005,"type":"utah2_rock_big_2_c"}
{"pos":[-39.2420006,-50.7254982,170.923996],"rotationMatrix":[0.652556658,0.757739961,0,-0.757739961,0.652556658,0,0,0,1],"scale":1.20000005,"type":"utah2_rock_big_2_c"}
{"pos":[-46.4496002,-53.6516991,171.022003],"rotationMatrix":[0.997352839,-0.0551390871,0.0474024974,0.0551933683,0.998475671,0.000164006007,-0.0473392829,0.0024527316,0.998875856],"scale":1.20000005,"type":"utah2_rock_big_2_c"}
{"pos":[-54.7374001,-57.1348991,170.423004],"rotationMatrix":[0.866559029,0.497355044,-0.0413932689,-0.498063505,0.856546998,-0.135129511,-0.0317520648,0.137714177,0.989962935],"scale":1.63779998,"type":"utah2_rock_big_2_c"}
{"pos":[-19.9699993,-86.4371033,152.662994],"rotationMatrix":[0.821354389,-0.567933917,-0.0531791672,0.568736494,0.822519779,-5.00861643e-05,0.0437693633,-0.0302037951,0.998584986],"scale":1.20000005,"type":"utah2_rock_big_2_c"}
{"pos":[-9.22739983,-87.7083969,152.334],"rotationMatrix":[0.912378192,0.409348309,0,-0.409348309,0.912378192,0,0,0,1],"scale":1.20000005,"type":"utah2_rock_big_2_c"}
{"pos":[-49.1231995,-82.072998,152.188004],"rotationMatrix":[0.808047295,0.589117646,0,-0.589117646,0.808047295,0,0,0,1],"scale":1.44360006,"type":"utah2_rock_big_2_c"}
{"pos":[-57.4103012,-86.5280991,152.337997],"rotationMatrix":[0.981273293,0.188922331,-0.0375643261,-0.188899726,0.981987476,0.00418231962,0.0376778319,0.0029918924,0.99928546],"scale":1.20000005,"type":"utah2_rock_big_2_c"}
{"pos":[-63.5742989,-56.7459984,171.442001],"rotationMatrix":[0.657030344,-0.751841903,0.0551805943,0.75282985,0.658201814,0.00419814652,-0.039476309,0.0387832895,0.998467565],"scale":1.20000005,"type":"utah2_rock_big_2_c"}
{"pos":[-70.3330002,-50.8605003,171.557999],"rotationMatrix":[0.796595097,-0.604482889,-0.00605669804,0.604493082,0.796610355,-0.000180361661,0.0049338541,-0.00351755717,0.999981642],"scale":1.20000005,"type":"utah2_rock_big_2_c"}
{"pos":[-78.3591995,-46.9422989,171.617004],"rotationMatrix":[0.901993513,-0.431563169,0.0126860468,0.431652725,0.90202415,-0.00532537466,-0.00914488453,0.0102794198,0.999905348],"scale":1.20000005,"type":"utah2_rock_big_2_c"}
{"pos":[-91.0955963,-47.0225983,165.225006],"rotationMatrix":[0.856247187,-0.516566336,0,0.516566336,0.856247187,0,0,0,1],"scale":1.20000005,"type":"utah2_rock_big_2_c"}
{"pos":[-99.237999,-42.5485001,165.098007],"rotationMatrix":[0.899924755,-0.436045229,0,0.436045229,0.899924755,0,0,0,1],"scale":1.20000005,"type":"utah2_rock_big_2_c"}
{"pos":[-107.596001,-38.1379013,164.548004],"rotationMatrix":[0.87788558,-0.478870451,0,0.478870451,0.87788558,0,0,0,1],"scale":1.5151,"type":"utah2_rock_big_2_c"}
{"pos":[-124.172997,-30.6933994,165.494003],"rotationMatrix":[0.93265295,-0.360774815,0,0.360774815,0.93265295,0,0,0,1],"scale":1.20000005,"type":"utah2_rock_big_2_c"}
{"pos":[-86.6589966,-42.5550003,171.889999],"rotationMatrix":[0.830630541,-0.556823969,0,0.556823969,0.830630541,0,0,0,1],"scale":1.20000005,"type":"utah2_rock_big_2_c"}
{"pos":[-93.6391983,-37.2946014,172.046997],"rotationMatrix":[0.80520606,-0.592995107,0,0.592995107,0.80520606,0,0,0,1],"scale":1.20000005,"type":"utah2_rock_big_2_c"}
{"pos":[-99.4761963,-31.4916,172.089996],"rotationMatrix":[0.56974864,-0.821819007,0,0.821819007,0.56974864,0,0,0,1],"scale":1.20000005,"type":"utah2_rock_big_2_c"}
{"pos":[-106.638,-28.0170002,172.440994],"rotationMatrix":[0.987643957,-0.156714439,0,0.156714439,0.987643957,0,0,0,1],"scale":1.20000005,"type":"utah2_rock_big_2_c"}
{"pos":[-115.121002,-23.4845009,172.033005],"rotationMatrix":[0.747006655,-0.664170504,-0.0293018632,0.664455533,0.747327805,-1.30189374e-05,0.0219067428,-0.0194600597,0.999570608],"scale":1.54219997,"type":"utah2_rock_big_2_c"}
{"pos":[-121.478996,-17.5475006,173.201996],"rotationMatrix":[0.859241009,-0.51157099,0,0.51157099,0.859241009,0,0,0,1],"scale":0.882799983,"type":"utah2_rock_big_2_c"}
{"pos":[-116.274002,-34.0593987,165.235992],"rotationMatrix":[0.890391707,-0.455195129,0,0.455195129,0.890391707,0,0,0,1],"scale":1.20000005,"type":"utah2_rock_big_2_c"}
{"pos":[-83.2742004,-50.2042999,165.195007],"rotationMatrix":[0.970863581,-0.23963286,0,0.23963286,0.970863581,0,0,0,1],"scale":1.20000005,"type":"utah2_rock_big_2_c"}
{"pos":[-73.8826981,-52.8891983,165.059006],"rotationMatrix":[0.96228075,-0.271946192,-0.00781234913,0.272033304,0.962185144,0.0140582584,0.00369383674,-0.0156532098,0.999870658],"scale":1.20000005,"type":"utah2_rock_big_2_c"}
{"pos":[-85.9271011,-87.3172989,152.485992],"rotationMatrix":[0.995730877,-0.0923039615,0,0.0923039615,0.995730877,0,0,0,1],"scale":1.30280006,"type":"utah2_rock_big_2_c"}
{"pos":[-76.1402969,-86.9096985,152.334],"rotationMatrix":[0.97095871,0.239247113,0,-0.239247113,0.97095871,0,0,0,1],"scale":1.20000005,"type":"utah2_rock_big_2_c"}
{"pos":[-66.5192032,-86.4978027,152.651001],"rotationMatrix":[0.945347071,-0.326065809,0,0.326065809,0.945347071,0,0,0,1],"scale":1.20000005,"type":"utah2_rock_big_2_c"}
{"pos":[-94.9279022,-85.858902,152.944],"rotationMatrix":[0.934046507,-0.357151389,0,0.357151389,0.934046507,0,0,0,1],"scale":1.20000005,"type":"utah2_rock_big_2_c"}
{"pos":[-106.328003,-83.1007996,152.274994],"rotationMatrix":[0.971345663,-0.237470061,0.00977603719,0.191642091,0.758236647,-0.623177767,0.140573516,0.607194483,0.782019138],"scale":1.20000005,"type":"utah2_rock_big_2_c"}
{"pos":[-122.572998,-90.3528976,152.136002],"rotationMatrix":[0.0224848986,0.999747157,0,-0.999747157,0.0224848986,0,0,0,1],"scale":1.20000005,"type":"utah2_rock_big_2_c"}
{"pos":[-8.60630035,-146.434998,139.171005],"rotationMatrix":[0.968598604,0.248629734,0,-0.248629734,0.968598604,0,0,0,1],"scale":1.20000005,"type":"utah2_rock_big_2_c"}
{"pos":[-52.7078018,-146.923996,138.753998],"rotationMatrix":[0.978990912,-0.146869332,0.141443238,0.148368567,0.988932133,-5.42836133e-05,-0.139869794,0.021038875,0.989946365],"scale":1.56400001,"type":"utah2_rock_big_2_c"}
{"pos":[-65.7156982,-146.076996,139.466003],"rotationMatrix":[0.971154213,-0.238452286,0,0.238452286,0.971154213,0,0,0,1],"scale":1.20000005,"type":"utah2_rock_big_2_c"}
{"pos":[-75.0208969,-143.733994,139.572006],"rotationMatrix":[0.980198026,-0.198019773,0,0.198019773,0.980198026,0,0,0,1],"scale":1.20000005,"type":"utah2_rock_big_2_c"}
{"pos":[-107.717003,-148.647003,139.091003],"rotationMatrix":[0.999999762,-0.000690533896,0,0.000690533896,0.999999762,0,0,0,1],"scale":1.20000005,"type":"utah2_rock_big_2_c"}
{"pos":[-42.7668991,-146.039001,139.822006],"rotationMatrix":[0.928180456,0.372130394,-9.44962376e-05,-0.365019858,0.910395622,-0.194782749,-0.0723985508,0.180828035,0.980846405],"scale":1.20000005,"type":"utah2_rock_big_2_c"}
{"pos":[-84.3655014,-142.837006,139.466003],"rotationMatrix":[0.997577906,-0.0695580468,0,0.0695580468,0.997577906,0,0,0,1],"scale":1.20000005,"type":"utah2_rock_big_2_c"}
{"pos":[-18.0270004,-147.75,139.031006],"rotationMatrix":[0.997467756,-0.041734945,0.0575870611,0.0418066494,0.999125719,-4.0379382e-05,-0.0575350262,0.00244779908,0.998340487],"scale":1.20000005,"type":"utah2_rock_big_2_c"}
{"pos":[-131.557999,-26.3675003,165.313995],"rotationMatrix":[0.763669729,-0.640510619,0.0809611008,0.643080413,0.743592262,-0.183079526,0.0570623279,0.191876799,0.979758739],"scale":1.20000005,"type":"utah2_rock_big_2_c"}
{"pos":[-138.960999,-20.3045998,164.904007],"rotationMatrix":[0.763054371,-0.646334291,0,0.646334291,0.763054371,0,0,0,1],"scale":1.20000005,"type":"utah2_rock_big_2_c"}
{"pos":[-155.076004,-22.2439995,164.613998],"rotationMatrix":[0.391702771,0.920078993,-0.00485800719,-0.92006129,0.391727328,0.0060792407,0.00749639608,0.00208840868,0.999969721],"scale":1.20000005,"type":"utah2_rock_big_2_c"}
{"pos":[-155.727005,-30.7301998,164.766006],"rotationMatrix":[-0.161809802,0.986821949,0,-0.986821949,-0.161809802,0,0,0,1],"scale":1.20000005,"type":"utah2_rock_big_2_c"}
{"pos":[-154.841995,-39.3672981,164.863007],"rotationMatrix":[-0.115585566,0.992821813,-0.0307386518,-0.993290961,-0.115641952,-5.69974836e-05,-0.00361126591,0.0305258371,0.999527454],"scale":1.20000005,"type":"utah2_rock_big_2_c"}
{"pos":[-156.070999,-48.7307014,164.695999],"rotationMatrix":[0.118430853,0.992831111,-0.016141912,-0.992960691,0.118444443,-0.000114883529,0.00179785991,0.0160418898,0.999869704],"scale":1.40359998,"type":"utah2_rock_big_2_c"}
{"pos":[-125.693001,-11.8688002,172.167999],"rotationMatrix":[0.46526444,-0.884264112,0.0400749557,0.879283845,0.466908932,0.0941060781,-0.101925984,-0.0085469503,0.994755268],"scale":1.20000005,"type":"utah2_rock_big_2_c"}
{"pos":[-131.600006,-4.04320002,172.059006],"rotationMatrix":[0.485330939,-0.874330521,4.76698406e-05,0.858470201,0.476516724,-0.189633042,0.165779233,0.0920757055,0.981855035],"scale":1.38199997,"type":"utah2_rock_big_2_c"}
{"pos":[-171.695999,-7.7171998,172.386002],"rotationMatrix":[0.367861032,0.929880798,0,-0.929880798,0.367861032,0,0,0,1],"scale":1.20000005,"type":"utah2_rock_big_2_c"}
{"pos":[-171.906998,-16.7493992,172.279999],"rotationMatrix":[-0.21832633,0.9743222,0.0550446026,-0.975801289,-0.218659163,2.46216678e-05,0.0120599959,-0.0537072197,0.998483896],"scale":1.20000005,"type":"utah2_rock_big_2_c"}
{"pos":[-169.643997,-26.5347004,172.042999],"rotationMatrix":[-0.368789673,0.929512858,0,-0.929512858,-0.368789673,0,0,0,1],"scale":1.20000005,"type":"utah2_rock_big_2_c"}
{"pos":[-164.841995,-34.9930992,171.100006],"rotationMatrix":[-0.532317817,0.845990956,-0.0306105185,-0.846387625,-0.532567382,1.02965593e-07,-0.0163020771,0.025908418,0.999531388],"scale":1.77069998,"type":"utah2_rock_big_2_c"}
{"pos":[-164.395996,-46.1557999,171.871994],"rotationMatrix":[0.0852510929,0.994989932,0.0522234254,-0.996348739,0.0853765011,-0.000171177962,-0.00462897355,-0.0520181507,0.998635411],"scale":1.38929999,"type":"utah2_rock_big_2_c"}
{"pos":[-165.298996,-55.8330994,171.998001],"rotationMatrix":[0.0312490463,0.9995116,0,-0.9995116,0.0312490463,0,0,0,1],"scale":1.20000005,"type":"utah2_rock_big_2_c"}
{"pos":[-158.382996,-58.3558006,164.968002],"rotationMatrix":[0.404481411,0.910124421,0.0898235738,-0.91366297,0.406452537,-0.00403793762,-0.0401840471,-0.080435209,0.995949507],"scale":1.20000005,"type":"utah2_rock_big_2_c"}
{"pos":[-164.679001,-63.9812012,172.014008],"rotationMatrix":[-0.0695350766,0.997579515,0,-0.997579515,-0.0695350766,0,0,0,1],"scale":1.20000005,"type":"utah2_rock_big_2_c"}
{"pos":[-168.125,-70.8256989,171.865997],"rotationMatrix":[0.776640177,0.629744411,0.0158739053,-0.629822433,0.77673912,-0.000108061708,-0.0123979347,-0.00991381705,0.999873996],"scale":1.20000005,"type":"utah2_rock_big_2_c"}
{"pos":[-170.093994,-77.919899,172.063004],"rotationMatrix":[0.0356322527,0.999364972,0,-0.999364972,0.0356322527,0,0,0,1],"scale":1.20000005,"type":"utah2_rock_big_2_c"}
{"pos":[-174.682007,-83.9219971,172.494003],"rotationMatrix":[0.944085836,0.329699755,0,-0.329699755,0.944085836,0,0,0,1],"scale":1.20000005,"type":"utah2_rock_big_2_c"}
{"pos":[-183.776001,-84.8141022,172.050995],"rotationMatrix":[0.992337704,0.106493518,0.062649928,-0.106692784,0.994292021,-0.000165685502,-0.0623099655,-0.00651987921,0.99803555],"scale":1.20000005,"type":"utah2_rock_big_2_c"}
{"pos":[-173.860001,-122.605003,152.272995],"rotationMatrix":[0.0421329737,0.996875644,0.0668114498,-0.999021769,0.0429335833,-0.0105922725,-0.0134276329,-0.066299811,0.997709394],"scale":1.20000005,"type":"utah2_rock_big_2_c"}
{"pos":[-165.748001,-114.648003,152.787994],"rotationMatrix":[0.996831894,-0.0795372576,0,0.0795372576,0.996831894,0,0,0,1],"scale":1.20000005,"type":"utah2_rock_big_2_c"}
{"pos":[-154.959,-115.727997,152.563995],"rotationMatrix":[0.999890566,0.0147937918,0,-0.0147937918,0.999890566,0,0,0,1],"scale":1.20000005,"type":"utah2_rock_big_2_c"}
{"pos":[-146.035995,-115.440002,152.440002],"rotationMatrix":[0.993525028,0.113613456,0,-0.113613456,0.993525028,0,0,0,1],"scale":1.20000005,"type":"utah2_rock_big_2_c"}
{"pos":[-161.531006,-69.0634995,164.744003],"rotationMatrix":[0.22301507,0.974815011,0,-0.974815011,0.22301507,0,0,0,1],"scale":1.20000005,"type":"utah2_rock_big_2_c"}
{"pos":[-165.457001,-76.9134979,164.862],"rotationMatrix":[0.646364212,0.763029039,0,-0.763029039,0.646364212,0,0,0,1],"scale":1.20000005,"type":"utah2_rock_big_2_c"}
{"pos":[-182.884003,-89.6201019,165.087006],"rotationMatrix":[0.912218094,0.409704953,0,-0.409704953,0.912218094,0,0,0,1],"scale":1.20000005,"type":"utah2_rock_big_2_c"}
{"pos":[-126.374001,-97.1160965,152.076004],"rotationMatrix":[0.834239721,0.551401913,0,-0.551401913,0.834239721,0,0,0,1],"scale":1.20000005,"type":"utah2_rock_big_2_c"}
{"pos":[-136.238998,-114.670998,152.186005],"rotationMatrix":[0.999984264,0.00560990255,0,-0.00560990255,0.999984264,0,0,0,1],"scale":1.20000005,"type":"utah2_rock_big_2_c"}
{"pos":[-134.404007,-111.891998,152.442993],"rotationMatrix":[-0.96733433,-0.253504038,0,0.253504038,-0.96733433,0,0,0,1],"scale":1.20000005,"type":"utah2_rock_big_2_c"}
{"pos":[-249.139008,-10.5092001,176.261993],"rotationMatrix":[0.992823839,0.119586051,0,-0.119586051,0.992823839,0,0,0,1],"scale":1.20000005,"type":"utah2_rock_big_2_c"}
{"pos":[-239.835999,-9.50249958,176.126999],"rotationMatrix":[0.999262691,0.0383936875,0,-0.0383936875,0.999262691,0,0,0,1],"scale":1.20000005,"type":"utah2_rock_big_2_c"}
{"pos":[-192.442001,-89.3407974,171.181],"rotationMatrix":[0.776154041,0.630441368,-0.0113410372,-0.620868325,0.767259836,0.160732329,0.110033832,-0.11771176,0.986932874],"scale":1.52470005,"type":"utah2_rock_big_2_c"}
{"pos":[-200.212997,-95.9664001,171.192993],"rotationMatrix":[0.575721979,0.816790402,0.0373844579,-0.817361474,0.576125145,-1.40566444e-05,-0.0215496067,-0.0305485241,0.999300957],"scale":1.20000005,"type":"utah2_rock_big_2_c"}
{"pos":[-205.035995,-103.065002,170.942993],"rotationMatrix":[0.771492243,0.636238754,0,-0.636238754,0.771492243,0,0,0,1],"scale":1.20000005,"type":"utah2_rock_big_2_c"}
{"pos":[-213.235992,-107.204002,170.968994],"rotationMatrix":[0.92355895,0.383456469,0,-0.383456469,0.92355895,0,0,0,1],"scale":1.20000005,"type":"utah2_rock_big_2_c"}
{"pos":[-220.453995,-112.357002,170.643997],"rotationMatrix":[0.639581203,0.768723547,0,-0.768723547,0.639581203,0,0,0,1],"scale":1.20000005,"type":"utah2_rock_big_2_c"}
{"pos":[-225.731995,-119.512001,170.682999],"rotationMatrix":[0.547020912,0.837118745,0.000597856182,-0.834862769,0.54549408,0.0737585574,0.0614185445,-0.0408466011,0.997275949],"scale":1.20000005,"type":"utah2_rock_big_2_c"}
{"pos":[-188.925995,-95.1573029,165.028],"rotationMatrix":[0.480365157,0.877068579,0,-0.877068579,0.480365157,0,0,0,1],"scale":1.20000005,"type":"utah2_rock_big_2_c"}
{"pos":[-168.317001,-183.367996,139.811005],"rotationMatrix":[0.50098753,0.865454495,0,-0.865454495,0.50098753,0,0,0,1],"scale":1.20000005,"type":"utah2_rock_big_2_c"}
{"pos":[-160.947998,-173.436996,139.893997],"rotationMatrix":[0.647386909,0.762161553,0,-0.762161553,0.647386909,0,0,0,1],"scale":1.20000005,"type":"utah2_rock_big_2_c"}
{"pos":[-145.813004,-164.899002,139.772003],"rotationMatrix":[0.996973276,0.0777450129,0,-0.0777450129,0.996973276,0,0,0,1],"scale":1.20000005,"type":"utah2_rock_big_2_c"}
{"pos":[-138.274002,-161.067993,139.248001],"rotationMatrix":[0.57715106,0.816637397,0,-0.816637397,0.57715106,0,0,0,1],"scale":1.20000005,"type":"utah2_rock_big_2_c"}
{"pos":[-178.901001,-128.740997,152.039993],"rotationMatrix":[0.961132526,0.276087433,0,-0.276087433,0.961132526,0,0,0,1],"scale":1.20000005,"type":"utah2_rock_big_2_c"}
{"pos":[-185.251999,-133.875,151.962006],"rotationMatrix":[0.569010496,0.817371964,0.0901674554,-0.820715725,0.571336746,1.38145733e-05,-0.0515046902,-0.0740097091,0.995926619],"scale":1.20000005,"type":"utah2_rock_big_2_c"}
{"pos":[-178.177002,-197.639008,139.587006],"rotationMatrix":[0.755974054,0.654601574,0,-0.654601574,0.755974054,0,0,0,1],"scale":1.20000005,"type":"utah2_rock_big_2_c"}
{"pos":[-173.044998,-191.063004,139.742996],"rotationMatrix":[0.472886562,0.881123304,0,-0.881123304,0.472886562,0,0,0,1],"scale":1.20000005,"type":"utah2_rock_big_2_c"}
{"pos":[-230.367004,-127.412003,170.733994],"rotationMatrix":[0.426695108,0.904395521,0,-0.904395521,0.426695108,0,0,0,1],"scale":1.20000005,"type":"utah2_rock_big_2_c"}
{"pos":[-235.847,-134.649002,170.520004],"rotationMatrix":[0.859115243,0.511782169,0,-0.511782169,0.859115243,0,0,0,1],"scale":1.20000005,"type":"utah2_rock_big_2_c"}
{"pos":[-241.195999,-142.440994,169.972],"rotationMatrix":[0.32298243,0.946404934,0,-0.946404934,0.32298243,0,0,0,1],"scale":1.4073,"type":"utah2_rock_big_2_c"}
{"pos":[-244.154007,-151.860001,169.964005],"rotationMatrix":[0.165751576,0.985128164,0.0452644452,-0.986138582,0.165923834,-4.91136416e-05,-0.00755883334,-0.0446288735,0.998975039],"scale":1.20000005,"type":"utah2_rock_big_2_c"}
{"pos":[-245.128998,-160.619003,169.893005],"rotationMatrix":[0.165169835,0.986265123,0,-0.986265123,0.165169835,0,0,0,1],"scale":1.20000005,"type":"utah2_rock_big_2_c"}
{"pos":[-240.220993,-174.569,169.518005],"rotationMatrix":[-0.751898825,0.659278512,0,-0.659278512,-0.751898825,0,0,0,1],"scale":1.5697,"type":"utah2_rock_big_2_c"}
{"pos":[-242.283005,-179.416,170.171997],"rotationMatrix":[0.977487564,0.210993037,0,-0.210993037,0.977487564,0,0,0,1],"scale":1.20000005,"type":"utah2_rock_big_2_c"}
{"pos":[-202.169998,-176.332993,152.251999],"rotationMatrix":[0.734892845,0.678183258,4.27707091e-05,-0.662064373,0.717439771,-0.216681704,-0.146980584,0.15920952,0.976242304],"scale":1.20000005,"type":"utah2_rock_big_2_c"}
{"pos":[-199.718994,-168.462006,152.285995],"rotationMatrix":[-0.174833894,0.984597921,0,-0.984597921,-0.174833894,0,0,0,1],"scale":1.20000005,"type":"utah2_rock_big_2_c"}
{"pos":[-199.837006,-159.044998,152.188995],"rotationMatrix":[-0.0107478499,0.999942243,0,-0.999942243,-0.0107478499,0,0,0,1],"scale":1.20000005,"type":"utah2_rock_big_2_c"}
{"pos":[-208.813995,-181.977997,152.298996],"rotationMatrix":[0.808791876,0.58809495,0,-0.58809495,0.808791876,0,0,0,1],"scale":1.20000005,"type":"utah2_rock_big_2_c"}
{"pos":[-216.791,-186.057999,152.266006],"rotationMatrix":[0.960126638,0.279565454,0,-0.279565454,0.960126638,0,0,0,1],"scale":1.20000005,"type":"utah2_rock_big_2_c"}
{"pos":[-247.740997,-170.501007,170.425003],"rotationMatrix":[-0.96430099,0.261751801,-0.0401197672,-0.261529595,-0.965135217,-0.0107836081,-0.041543629,9.38626035e-05,0.999136686],"scale":0.911800027,"type":"utah2_rock_big_2_c"}
{"pos":[-248.197998,-166.416,170.449997],"rotationMatrix":[0.95051825,0.310668737,0,-0.310668737,0.95051825,0,0,0,1],"scale":0.833299994,"type":"utah2_rock_big_2_c"}
{"pos":[-197.238998,-213.694,139.884995],"rotationMatrix":[0.962349057,0.271816641,0,-0.271816641,0.962349057,0,0,0,1],"scale":1.20000005,"type":"utah2_rock_big_2_c"}
{"pos":[-205.962997,-220.167007,140.126999],"rotationMatrix":[0.689845324,0.723956764,0,-0.723956764,0.689845324,0,0,0,1],"scale":1.20000005,"type":"utah2_rock_big_2_c"}
{"pos":[-210.503998,-227.602005,140.123001],"rotationMatrix":[0.458986998,0.888442993,0,-0.888442993,0.458986998,0,0,0,1],"scale":1.20000005,"type":"utah2_rock_big_2_c"}
{"pos":[-216.744995,-232.134003,139.679993],"rotationMatrix":[0.989081621,0.118082024,0.0881713256,-0.119272843,0.992826462,0.00834302977,-0.086553663,-0.0187683813,0.996070385],"scale":1.20000005,"type":"utah2_rock_big_2_c"}
{"pos":[-248.462997,-237.014999,139.942993],"rotationMatrix":[0.90036881,0.435127586,0,-0.435127586,0.90036881,0,0,0,1],"scale":1.20000005,"type":"utah2_rock_big_2_c"}
{"pos":[-195.729004,-207.050003,142.291],"rotationMatrix":[0.558226228,0.829688787,0,-0.829688787,0.558226228,0,0,0,1],"scale":1.20000005,"type":"utah2_rock_big_2_c"}
{"pos":[-201.968002,-208.384995,142.311996],"rotationMatrix":[0.722779036,-0.691079199,0,0.691079199,0.722779036,0,0,0,1],"scale":1.20000005,"type":"utah2_rock_big_2_c"}
{"pos":[-208.787994,-213.781006,141.643005],"rotationMatrix":[-0.325819373,0.945432007,0,-0.945432007,-0.325819373,0,0,0,1],"scale":1.20000005,"type":"utah2_rock_big_2_c"}
{"pos":[-212.328003,-218.242004,141.688995],"rotationMatrix":[0.987040758,-0.160469756,0,0.160469756,0.987040758,0,0,0,1],"scale":1.20000005,"type":"utah2_rock_big_2_c"}
{"pos":[-230.955002,-244.016998,137.908997],"rotationMatrix":[0.987808228,0.15567562,-7.82468633e-05,-0.143999785,0.91353035,-0.380429178,-0.0591520704,0.375802338,0.924810052],"scale":1.20000005,"type":"utah2_rock_big_2_c"}
{"pos":[-0.644400001,-370.424011,139.294006],"rotationMatrix":[0.59303689,-0.805175304,0,0.805175304,0.59303689,0,0,0,1],"scale":1.20000005,"type":"utah2_rock_big_2_c"}
{"pos":[-1.28670001,-361.894012,138.888],"rotationMatrix":[-0.245575786,-0.969377398,0,0.969377398,-0.245575786,0,0,0,1],"scale":1.20000005,"type":"utah2_rock_big_2_c"}
{"pos":[-47.3530006,-324.220001,135.354996],"rotationMatrix":[0.901171923,-0.424883902,-0.0858069211,0.426459432,0.904506683,3.42819694e-05,0.0775983706,-0.0366240665,0.996311784],"scale":1.20000005,"type":"utah2_rock_big_2_c"}
{"pos":[-55.8081017,-320.265991,135.722],"rotationMatrix":[0.923072577,-0.382234842,0.0428199619,0.382587641,0.923919201,-4.81452589e-05,-0.0395437814,0.0164268296,0.999082804],"scale":1.20000005,"type":"utah2_rock_big_2_c"}
{"pos":[-62.3758011,-314.391998,135.227997],"rotationMatrix":[0.551030159,-0.826328635,0.116390578,0.831982613,0.554801702,8.72928376e-06,-0.0645809025,0.0968301222,0.993203521],"scale":1.20000005,"type":"utah2_rock_big_2_c"}
{"pos":[-0.49180001,-387.321991,138.664993],"rotationMatrix":[-0.869653463,-0.493662685,0,0.493662685,-0.869653463,0,0,0,1],"scale":1.62890005,"type":"utah2_rock_big_2_c"}
{"pos":[-7.60169983,-397.381012,139.481995],"rotationMatrix":[-0.11773622,-0.993044913,0,0.993044913,-0.11773622,0,0,0,1],"scale":1.20000005,"type":"utah2_rock_big_2_c"}
{"pos":[-9.08469963,-409.518005,139.384995],"rotationMatrix":[-0.0844436288,-0.99339819,0.0776486322,0.996406794,-0.0846961737,4.09828026e-05,0.00653582998,0.0773730874,0.996980786],"scale":1.20000005,"type":"utah2_rock_big_2_c"}
{"pos":[-6.25379992,-417.196991,139.615005],"rotationMatrix":[0.714229107,-0.699912012,0,0.699912012,0.714229107,0,0,0,1],"scale":1.20000005,"type":"utah2_rock_big_2_c"}
{"pos":[-165.195007,-324.820007,135.156998],"rotationMatrix":[0.523470044,-0.835605502,0.166560858,0.847448647,0.530877352,-5.96770005e-05,-0.0883735195,0.141183019,0.986031175],"scale":1.20000005,"type":"utah2_rock_big_2_c"}
{"pos":[-159.266998,-332.166992,135.826996],"rotationMatrix":[0.588778973,-0.807085872,0.0441779867,0.807874084,0.589355111,2.06543828e-05,-0.0260531921,0.0356780887,0.999023676],"scale":1.20000005,"type":"utah2_rock_big_2_c"}
{"pos":[-153.932999,-339.980988,135.449005],"rotationMatrix":[0.570901871,-0.817267656,-0.0783874169,0.819786906,0.572668672,-7.29078311e-05,0.0449496023,-0.0642193556,0.99692297],"scale":1.20000005,"type":"utah2_rock_big_2_c"}
{"pos":[-157.279007,-327.697998,136.595993],"rotationMatrix":[0.590780735,-0.796884298,0.126307264,0.803325176,0.595540643,-9.53548588e-05,-0.0751451254,0.10152214,0.991991162],"scale":1.20000005,"type":"utah2_rock_big_2_c"}
{"pos":[-150.996002,-334.802002,136.809998],"rotationMatrix":[0.693584323,-0.717539012,-0.0638632104,0.719009101,0.695000648,5.23771159e-05,0.0443473905,-0.045954559,0.99795866],"scale":1.20000005,"type":"utah2_rock_big_2_c"}
{"pos":[-143.414001,-338.264008,135.770004],"rotationMatrix":[0.98729825,-0.106153294,-0.118210159,0.0794486403,0.974193335,-0.211270586,0.137586623,0.199195445,0.97025311],"scale":1.20000005,"type":"utah2_rock_big_2_c"}
{"pos":[-366.10199,-120.763,176.108002],"rotationMatrix":[0.420010567,0.907519221,0,-0.907519221,0.420010567,0,0,0,1],"scale":1.20000005,"type":"utah2_rock_big_2_c"}
{"pos":[-361.638,-111.260002,176.205994],"rotationMatrix":[0.562892914,0.82652986,0,-0.82652986,0.562892914,0,0,0,1],"scale":1.20000005,"type":"utah2_rock_big_2_c"}
{"pos":[-358.990997,-102.815002,176.046997],"rotationMatrix":[-0.0765926838,0.997062445,0,-0.997062445,-0.0765926838,0,0,0,1],"scale":1.20000005,"type":"utah2_rock_big_2_c"}
{"pos":[-354.40799,-81.8562012,175.697006],"rotationMatrix":[0.263794065,0.964579046,0,-0.964579046,0.263794065,0,0,0,1],"scale":1.20000005,"type":"utah2_rock_big_2_c"}
{"pos":[-352.789001,-73.3386002,175.552994],"rotationMatrix":[0.161253452,0.986913025,0,-0.986913025,0.161253452,0,0,0,1],"scale":1.20000005,"type":"utah2_rock_big_2_c"}
{"pos":[-349.540985,-61.8955994,176.195999],"rotationMatrix":[0.574446797,0.818541944,0,-0.818541944,0.574446797,0,0,0,1],"scale":1.20000005,"type":"utah2_rock_big_2_c"}
{"pos":[-344.65799,-55.1649017,175.625],"rotationMatrix":[0.560819983,0.827937782,0,-0.827937782,0.560819983,0,0,0,1],"scale":1.20000005,"type":"utah2_rock_big_2_c"}
{"pos":[-335.653992,-44.0038986,175.75],"rotationMatrix":[0.776102424,0.63060689,0,-0.63060689,0.776102424,0,0,0,1],"scale":1.40079999,"type":"utah2_rock_big_2_c"}
{"pos":[-366.623993,-50.8152008,187.199005],"rotationMatrix":[0.0655865669,0.997846901,0,-0.997846901,0.0655865669,0,0,0,1],"scale":1.34019995,"type":"utah2_rock_big_2_c"}
{"pos":[-373.473999,-79.213501,187.268005],"rotationMatrix":[0.377229691,0.926119745,0,-0.926119745,0.377229691,0,0,0,1],"scale":1.20000005,"type":"utah2_rock_big_2_c"}
{"pos":[-373.292999,-70.0273972,187.453995],"rotationMatrix":[-0.187124431,0.982336223,0,-0.982336223,-0.187124431,0,0,0,1],"scale":1.20000005,"type":"utah2_rock_big_2_c"}
{"pos":[-365.071014,-24.4186993,187.363007],"rotationMatrix":[0.466618776,0.884458542,0,-0.884458542,0.466618776,0,0,0,1],"scale":1.20000005,"type":"utah2_rock_big_2_c"}
{"pos":[-360.554993,-16.8507004,187.612],"rotationMatrix":[0.551600456,0.834108472,0,-0.834108472,0.551600456,0,0,0,1],"scale":1.20000005,"type":"utah2_rock_big_2_c"}
{"pos":[-356.790985,-9.09630013,187.412003],"rotationMatrix":[0.343951225,0.937868953,-0.0458187982,-0.938854218,0.344314933,4.87518228e-05,0.0158218201,0.0430004038,0.998949766],"scale":1.20000005,"type":"utah2_rock_big_2_c"}
{"pos":[-294.505005,-50.9455986,175.595993],"rotationMatrix":[-0.470981598,0.882143021,0,-0.882143021,-0.470981598,0,0,0,1],"scale":1.20000005,"type":"utah2_rock_big_2_c"}
{"pos":[-302.516998,-47.5493011,175.496002],"rotationMatrix":[-0.22675854,-0.973950982,0,0.973950982,-0.22675854,0,0,0,1],"scale":1.20000005,"type":"utah2_rock_big_2_c"}
{"pos":[-299.972992,-55.2986984,175.932007],"rotationMatrix":[0.759853005,-0.650094926,0,0.650094926,0.759853005,0,0,0,1],"scale":1.20000005,"type":"utah2_rock_big_2_c"}
{"pos":[-295.765015,-42.4161987,176.179993],"rotationMatrix":[0.867585421,-0.497288197,0,0.497288197,0.867585421,0,0,0,1],"scale":1.20000005,"type":"utah2_rock_big_2_c"}
{"pos":[-288.72699,-40.7089996,176.212997],"rotationMatrix":[0.784173965,0.620541036,0,-0.620541036,0.784173965,0,0,0,1],"scale":1.20000005,"type":"utah2_rock_big_2_c"}
{"pos":[-305.954987,-37.1039009,175.763],"rotationMatrix":[0.676768541,-0.736195862,0,0.736195862,0.676768541,0,0,0,1],"scale":1.20000005,"type":"utah2_rock_big_2_c"}
{"pos":[-281.221985,-25.2201004,176.181],"rotationMatrix":[0.690491438,0.723340571,0,-0.723340571,0.690491438,0,0,0,1],"scale":1.20000005,"type":"utah2_rock_big_2_c"}
{"pos":[-275.165009,-17.2145996,176.119003],"rotationMatrix":[0.678217411,0.734861314,0,-0.734861314,0.678217411,0,0,0,1],"scale":1.20000005,"type":"utah2_rock_big_2_c"}
{"pos":[-267.989014,-13.3205996,176.378006],"rotationMatrix":[0.94956398,0.31357336,0,-0.31357336,0.94956398,0,0,0,1],"scale":1.20000005,"type":"utah2_rock_big_2_c"}
{"pos":[-258.983002,-10.2867002,175.789001],"rotationMatrix":[0.999896288,-0.014401854,0,0.014401854,0.999896288,0,0,0,1],"scale":1.50370002,"type":"utah2_rock_big_2_c"}
{"pos":[-314.059998,-36.5469017,175.522995],"rotationMatrix":[0.858495355,0.512821317,0,-0.512821317,0.858495355,0,0,0,1],"scale":1.20000005,"type":"utah2_rock_big_2_c"}
{"pos":[-368.51001,-41.5051003,187.667007],"rotationMatrix":[-0.370129704,0.928980112,0,-0.928980112,-0.370129704,0,0,0,1],"scale":1.20000005,"type":"utah2_rock_big_2_c"}
{"pos":[-353.541992,-1.68780005,187.238998],"rotationMatrix":[0.465586901,0.885002196,0,-0.885002196,0.465586901,0,0,0,1],"scale":1.20000005,"type":"utah2_rock_big_2_c"}
{"pos":[-250.867004,-179.692001,170.001007],"rotationMatrix":[0.954394937,-0.298547,0,0.298547,0.954394937,0,0,0,1],"scale":1.20000005,"type":"utah2_rock_big_2_c"}
{"pos":[-259.434998,-179.406006,169.975998],"rotationMatrix":[0.931915164,0.362676352,0,-0.362676352,0.931915164,0,0,0,1],"scale":1.20000005,"type":"utah2_rock_big_2_c"}
{"pos":[-268.321991,-181.132996,169.903],"rotationMatrix":[0.999845147,-0.0175977778,0,0.0175977778,0.999845147,0,0,0,1],"scale":1.20000005,"type":"utah2_rock_big_2_c"}
{"pos":[-277.665009,-180.085007,169.906998],"rotationMatrix":[0.999776959,-0.0167991426,-0.0127992285,0.0167947207,0.999858856,-0.000452777953,0.0128050279,0.000237717497,0.999917984],"scale":1.20000005,"type":"utah2_rock_big_2_c"}
{"pos":[-286.141998,-181.595993,170.033005],"rotationMatrix":[0.951017618,0.309136689,0,-0.309136689,0.951017618,0,0,0,1],"scale":1.20000005,"type":"utah2_rock_big_2_c"}
{"pos":[-294.825989,-184.100998,170.016998],"rotationMatrix":[0.985320568,0.17038089,0.0106644779,-0.170369104,0.985378265,-0.00201102486,-0.0108511848,0.000164606565,0.999941111],"scale":1.20000005,"type":"utah2_rock_big_2_c"}
{"pos":[-303.307007,-182.630997,169.865997],"rotationMatrix":[0.874895096,-0.484312475,0,0.484312475,0.874895096,0,0,0,1],"scale":1.20000005,"type":"utah2_rock_big_2_c"}
{"pos":[-311.605988,-179.298996,169.891006],"rotationMatrix":[0.927556992,-0.372378826,-0.0311773792,0.37256214,0.928007245,7.56280351e-05,0.0289046708,-0.0116856601,0.999513865],"scale":1.20000005,"type":"utah2_rock_big_2_c"}
{"pos":[-276.309998,-245.151993,139.908997],"rotationMatrix":[0.970278263,0.241991922,0,-0.241991922,0.970278263,0,0,0,1],"scale":1.20000005,"type":"utah2_rock_big_2_c"}
{"pos":[-287.334991,-247.072998,139.755997],"rotationMatrix":[0.956424475,0.291979849,0,-0.291979849,0.956424475,0,0,0,1],"scale":1.20000005,"type":"utah2_rock_big_2_c"}
{"pos":[-256.256012,-237.365005,140.460007],"rotationMatrix":[0.86603713,-0.499979675,0,0.499979675,0.86603713,0,0,0,1],"scale":1.20000005,"type":"utah2_rock_big_2_c"}
{"pos":[-285.82901,-207.115997,152.447006],"rotationMatrix":[0.947123289,0.320869863,0,-0.320869863,0.947123289,0,0,0,1],"scale":1.20000005,"type":"utah2_rock_big_2_c"}
{"pos":[-293.971985,-210.085007,152.503006],"rotationMatrix":[0.846755385,0.531982422,0,-0.531982422,0.846755385,0,0,0,1],"scale":1.20000005,"type":"utah2_rock_big_2_c"}
{"pos":[-302.25,-211.526993,152.669998],"rotationMatrix":[0.974098921,-0.22612229,0,0.22612229,0.974098921,0,0,0,1],"scale":1.20000005,"type":"utah2_rock_big_2_c"}
{"pos":[-276.825989,-204.759995,152.082993],"rotationMatrix":[0.976802111,0.214143962,0,-0.214143962,0.976802111,0,0,0,1],"scale":1.20000005,"type":"utah2_rock_big_2_c"}
{"pos":[-311.441986,-210.996002,152.705994],"rotationMatrix":[0.980158567,0.198214993,0,-0.198214993,0.980158567,0,0,0,1],"scale":1.20000005,"type":"utah2_rock_big_2_c"}
{"pos":[-319.480988,-178.035995,169.953995],"rotationMatrix":[0.998886585,0.00959674269,0.046189744,-0.00959674269,0.999953985,-0.000221758994,-0.046189744,-0.000221758994,0.998932719],"scale":1.20000005,"type":"utah2_rock_big_2_c"}
{"pos":[-328.97699,-177.639999,170.024994],"rotationMatrix":[0.987163544,-0.159075543,0.0142516904,0.159093216,0.98726356,-0.000107895081,-0.0140530113,0.00237385719,0.999898434],"scale":1.20000005,"type":"utah2_rock_big_2_c"}
{"pos":[-338.527008,-176.988007,169.953003],"rotationMatrix":[0.99112916,-0.132902175,0,0.132902175,0.99112916,0,0,0,1],"scale":1.20000005,"type":"utah2_rock_big_2_c"}
{"pos":[-346.338013,-177.839996,170.279999],"rotationMatrix":[0.742165208,0.662275851,-0.102866292,-0.665816307,0.746115685,-0.000109780594,0.076677449,0.0685715303,0.994695187],"scale":1.20000005,"type":"utah2_rock_big_2_c"}
{"pos":[-351.042999,-183.082001,170.807007],"rotationMatrix":[0.504397392,0.863471627,0,-0.863471627,0.504397392,0,0,0,1],"scale":1.10450006,"type":"utah2_rock_big_2_c"}
{"pos":[-357.773987,-185.731995,171.095001],"rotationMatrix":[0.981705189,-0.167884082,-0.0898323879,0.168566078,0.985690355,5.30488251e-06,0.0885460302,-0.0151479011,0.995956898],"scale":1.20000005,"type":"utah2_rock_big_2_c"}
{"pos":[-366.588013,-185.468994,171.442993],"rotationMatrix":[0.989224911,0.146403804,0,-0.146403804,0.989224911,0,0,0,1],"scale":1.20000005,"type":"utah2_rock_big_2_c"}
{"pos":[-371.427002,-127.882004,175.848007],"rotationMatrix":[0.747499108,0.664262831,0,-0.664262831,0.747499108,0,0,0,1],"scale":1.35950005,"type":"utah2_rock_big_2_c"}
{"pos":[-373.755005,-189.710999,170.975998],"rotationMatrix":[0.486483812,0.86863482,0.0938456506,-0.872490287,0.488631487,0.000107125255,-0.0457628854,-0.0819315314,0.995586753],"scale":1.20000005,"type":"utah2_rock_big_2_c"}
{"pos":[-331.217987,-214.332001,152.179001],"rotationMatrix":[0.988265753,-0.152744234,0,0.152744234,0.988265753,0,0,0,1],"scale":1.72099996,"type":"utah2_rock_big_2_c"}
{"pos":[-320.533997,-214.389999,152.548996],"rotationMatrix":[0.952870965,0.30337587,0,-0.30337587,0.952870965,0,0,0,1],"scale":1.20000005,"type":"utah2_rock_big_2_c"}
{"pos":[-343.71701,-216.457001,153.007996],"rotationMatrix":[0.696112156,0.717933059,0,-0.717933059,0.696112156,0,0,0,1],"scale":1.20000005,"type":"utah2_rock_big_2_c"}
{"pos":[-350.648987,-221.419006,152.554993],"rotationMatrix":[0.920722246,0.383480549,0.0722026527,-0.385159373,0.922791243,0.0104197394,-0.0626322106,-0.0374032147,0.997335553],"scale":1.20000005,"type":"utah2_rock_big_2_c"}
{"pos":[-369.210999,-249.639999,152.179993],"rotationMatrix":[-0.3721385,0.928177238,0,-0.928177238,-0.3721385,0,0,0,1],"scale":1.20000005,"type":"utah2_rock_big_2_c"}
{"pos":[-370.962006,-240.522995,152.539001],"rotationMatrix":[0.0929445028,0.995671272,-3.6517511e-05,-0.573954403,0.0535478592,-0.817134619,-0.813595533,0.0759691298,0.576446891],"scale":1.20000005,"type":"utah2_rock_big_2_c"}
{"pos":[-496.209991,-111.546997,234.626007],"rotationMatrix":[0.956386328,-0.289485842,0.0390274785,0.289710045,0.957114458,-9.32941111e-05,-0.0373267569,0.0113958772,0.999238133],"scale":1.20000005,"type":"utah2_rock_big_2_c"}
{"pos":[-487.028015,-113.691002,234.710007],"rotationMatrix":[0.997127295,-0.0757440329,0,0.0757440329,0.997127295,0,0,0,1],"scale":1.20000005,"type":"utah2_rock_big_2_c"}
{"pos":[-477.768005,-115.501999,234.531998],"rotationMatrix":[0.995636702,-0.0933142826,4.93315019e-05,0.0916664079,0.97815299,0.186585099,-0.0174593087,-0.185766444,0.982438803],"scale":1.20000005,"type":"utah2_rock_big_2_c"}
{"pos":[-468.694,-116.182999,234.606003],"rotationMatrix":[0.994675159,-0.103059821,0,0.103059821,0.994675159,0,0,0,1],"scale":1.20000005,"type":"utah2_rock_big_2_c"}
{"pos":[-460.005005,-114.546997,234.307007],"rotationMatrix":[0.951514602,0.307603568,0,-0.307603568,0.951514602,0,0,0,1],"scale":1.20000005,"type":"utah2_rock_big_2_c"}
{"pos":[-451.614014,-110.306999,234.671997],"rotationMatrix":[0.870466352,0.492227912,0,-0.492227912,0.870466352,0,0,0,1],"scale":1.20000005,"type":"utah2_rock_big_2_c"}
{"pos":[-443.86499,-105.684998,234.697998],"rotationMatrix":[0.841630936,0.540053129,0,-0.540053129,0.841630936,0,0,0,1],"scale":1.20000005,"type":"utah2_rock_big_2_c"}
{"pos":[-435.583008,-101.712997,234.414001],"rotationMatrix":[0.967126369,0.254296243,0,-0.254296243,0.967126369,0,0,0,1],"scale":1.20000005,"type":"utah2_rock_big_2_c"}
{"pos":[-427.291992,-98.1832962,234.578995],"rotationMatrix":[0.891577005,0.448792756,0.060625948,-0.449762255,0.893144369,0.00265500695,-0.0529561751,-0.0296344068,0.998157024],"scale":1.20000005,"type":"utah2_rock_big_2_c"}
{"pos":[-420.898987,-92.3207016,234.688004],"rotationMatrix":[0.702457666,0.711725533,0,-0.711725533,0.702457666,0,0,0,1],"scale":1.20000005,"type":"utah2_rock_big_2_c"}
{"pos":[-416.368988,-86.8295975,235.778],"rotationMatrix":[0.519655943,0.854375601,2.45706287e-05,-0.830106258,0.504887819,0.236668259,0.202191189,-0.123006463,0.971590519],"scale":0.713100016,"type":"utah2_rock_big_2_c"}
{"pos":[-418.037994,-81.1304016,235.078995],"rotationMatrix":[-0.60342896,0.797416747,0,-0.797416747,-0.60342896,0,0,0,1],"scale":1.20000005,"type":"utah2_rock_big_2_c"}
{"pos":[-423.109985,-73.549202,235.164993],"rotationMatrix":[-0.604997098,0.796227694,0,-0.796227694,-0.604997098,0,0,0,1],"scale":1.20000005,"type":"utah2_rock_big_2_c"}
{"pos":[-429.042999,-66.0621033,234.860992],"rotationMatrix":[-0.625723958,0.780044556,0,-0.780044556,-0.625723958,0,0,0,1],"scale":1.20000005,"type":"utah2_rock_big_2_c"}
{"pos":[-435.571991,-57.3266983,234.195007],"rotationMatrix":[-0.615870476,0.786602974,0.0442641713,-0.787375033,-0.61647433,-1.07788401e-05,0.0272792466,-0.0348591395,0.999019861],"scale":1.64690006,"type":"utah2_rock_big_2_c"}
{"pos":[-494.795013,-5.99790001,243.604004],"rotationMatrix":[0.420664787,0.907216132,0,-0.907216132,0.420664787,0,0,0,1],"scale":1.20000005,"type":"utah2_rock_big_2_c"}
{"pos":[-446.384003,-124.045998,216.841995],"rotationMatrix":[0.911173582,0.41202268,9.48264424e-05,-0.407834411,0.901878595,0.142429233,0.0585985519,-0.129816428,0.989804983],"scale":1.20000005,"type":"utah2_rock_big_2_c"}
{"pos":[-439.001007,-119.316002,216.878998],"rotationMatrix":[0.76976037,0.638332963,0,-0.638332963,0.76976037,0,0,0,1],"scale":1.20000005,"type":"utah2_rock_big_2_c"}
{"pos":[-431.928009,-114.251999,216.759995],"rotationMatrix":[0.798708916,0.601717591,-0.00010226998,-0.601268589,0.798106313,-0.0387610048,-0.0232415572,0.031020252,0.999248505],"scale":1.20000005,"type":"utah2_rock_big_2_c"}
{"pos":[-425.856995,-108.806999,217.162994],"rotationMatrix":[0.626763344,0.779209673,-3.43737956e-05,-0.772084713,0.621026397,-0.13494952,-0.105132617,0.0846079513,0.990852475],"scale":1.20000005,"type":"utah2_rock_big_2_c"}
{"pos":[-436.265991,-38.3488998,235.044006],"rotationMatrix":[0.627258658,0.778810978,0,-0.778810978,0.627258658,0,0,0,1],"scale":1.20000005,"type":"utah2_rock_big_2_c"}
{"pos":[-428.872009,-31.9563007,234.916],"rotationMatrix":[0.843303204,0.537438095,0,-0.537438095,0.843303204,0,0,0,1],"scale":1.33249998,"type":"utah2_rock_big_2_c"}
{"pos":[-425.268005,-25.0531006,235.279007],"rotationMatrix":[-0.128565192,0.991701066,0,-0.991701066,-0.128565192,0,0,0,1],"scale":1.20000005,"type":"utah2_rock_big_2_c"}
{"pos":[-426.85199,-16.0858002,235.488998],"rotationMatrix":[-0.15088284,0.988551676,0,-0.988551676,-0.15088284,0,0,0,1],"scale":1.20000005,"type":"utah2_rock_big_2_c"}
{"pos":[-427.321014,-7.33230019,235.662003],"rotationMatrix":[0.226211071,0.974078298,0,-0.974078298,0.226211071,0,0,0,1],"scale":1.20000005,"type":"utah2_rock_big_2_c"}
{"pos":[-388.223999,-121.760002,187.464996],"rotationMatrix":[0.686663628,0.726975262,0,-0.726975262,0.686663628,0,0,0,1],"scale":1.20000005,"type":"utah2_rock_big_2_c"}
{"pos":[-382.513,-115.142998,187.216003],"rotationMatrix":[0.563038945,0.82643038,0,-0.82643038,0.563038945,0,0,0,1],"scale":1.20000005,"type":"utah2_rock_big_2_c"}
