{"pos":[-476.557007,230.934647,296.593933],"rotationMatrix":[-0.972411394,0.233272597,0,-0.233272597,-0.972411394,0,0,0,1],"scale":1,"type":"utah2_rock_big_2_d_top"}
{"pos":[296.42218,731.451538,187.132324],"rotationMatrix":[0.744302571,0.667842686,0,-0.667842686,0.744302571,0,0,0,1],"scale":1,"type":"utah2_rock_big_2_d_top"}
{"pos":[-938.582581,577.983582,284.517395],"rotationMatrix":[-0.859050095,-0.511891305,0,0.511891305,-0.859050095,0,0,0,1],"scale":0.765486181,"type":"utah2_rock_big_2_d_top"}
{"pos":[-963.302063,597.603027,286.213196],"rotationMatrix":[0.800568759,0.599240899,0,-0.599240899,0.800568759,0,0,0,1],"scale":1,"type":"utah2_rock_big_2_d_top"}
{"pos":[-964.574219,614.204041,266.584778],"rotationMatrix":[0.408474088,-0.912769914,0,0.912769914,0.408474088,0,0,0,1],"scale":1,"type":"utah2_rock_big_2_d_top"}
{"pos":[-982.157898,646.542664,281.772736],"rotationMatrix":[-0.429414034,0.903107762,0,-0.903107762,-0.429414034,0,0,0,1],"scale":1,"type":"utah2_rock_big_2_d_top"}
{"pos":[-888.554688,675.195374,279.762024],"rotationMatrix":[-0.544011414,-0.83907783,0,0.83907783,-0.544011414,0,0,0,1],"scale":1,"type":"utah2_rock_big_2_d_top"}
{"pos":[-892.143311,660.905212,288.321869],"rotationMatrix":[-0.564188778,-0.825645864,0,0.825645864,-0.564188778,0,0,0,1],"scale":0.796090961,"type":"utah2_rock_big_2_d_top"}
{"pos":[-900.851013,-67.4587173,253.264587],"rotationMatrix":[-0.345326453,0.938481987,0,-0.938481987,-0.345326453,0,0,0,1],"scale":1,"type":"utah2_rock_big_2_d_top"}
{"pos":[-904.313904,-66.8790054,253.182709],"rotationMatrix":[-0.745072663,-0.666983306,0,0.666983306,-0.745072663,0,0,0,1],"scale":1,"type":"utah2_rock_big_2_d_top"}
{"pos":[-900.160645,-71.9380951,255.685242],"rotationMatrix":[0.861273289,-0.508141994,0,0.508141994,0.861273289,0,0,0,1],"scale":1,"type":"utah2_rock_big_2_d_top"}
{"pos":[-906.496155,-71.7668839,256.754486],"rotationMatrix":[0.756432533,0.654072285,0,-0.654072285,0.756432533,0,0,0,1],"scale":1,"type":"utah2_rock_big_2_d_top"}
{"pos":[-982.104492,-190.848557,278.806213],"rotationMatrix":[0.67546314,-0.737393737,0,0.737393737,0.67546314,0,0,0,1],"scale":1,"type":"utah2_rock_big_2_d_top"}
{"pos":[-898.868713,-112.783653,268.160828],"rotationMatrix":[-0.560073972,0.828443587,0,-0.828443587,-0.560073972,0,0,0,1],"scale":1,"type":"utah2_rock_big_2_d_top"}
{"pos":[-899.444519,-116.637123,268.947632],"rotationMatrix":[-0.811789095,0.583951414,0,-0.583951414,-0.811789095,0,0,0,1],"scale":1,"type":"utah2_rock_big_2_d_top"}
{"pos":[-863.96228,84.4664688,240.376953],"rotationMatrix":[0.446119517,0.891072154,-0.0834682733,-0.892045796,0.435186803,-0.121919475,-0.0723147616,0.128848717,0.989023924],"scale":1,"type":"utah2_rock_big_2_d_top"}
{"pos":[-862.881287,88.9521637,237.197952],"rotationMatrix":[-0.490537494,-0.871420085,0,0.871420085,-0.490537494,0,0,0,1],"scale":1,"type":"utah2_rock_big_2_d_top"}
{"pos":[-856.68219,79.0289154,240.305649],"rotationMatrix":[0.986677229,0.16268985,0,-0.16268985,0.986677229,0,0,0,1],"scale":1,"type":"utah2_rock_big_2_d_top"}
{"pos":[-868.622375,67.3546371,243.924957],"rotationMatrix":[-0.994899988,-0.100867741,0,0.100867741,-0.994899988,0,0,0,1],"scale":1,"type":"utah2_rock_big_2_d_top"}
{"pos":[-862.225037,72.3268509,240.904724],"rotationMatrix":[-0.0718607977,0.997414589,0,-0.997414589,-0.0718607977,0,0,0,1],"scale":1,"type":"utah2_rock_big_2_d_top"}
{"pos":[-15.0874157,208.051819,230.176956],"rotationMatrix":[0.979565918,-0.201124132,0,0.201124132,0.979565918,0,0,0,1],"scale":1,"type":"utah2_rock_big_2_d_top"}
{"pos":[-57.2849998,210.995865,229.762222],"rotationMatrix":[0.489764661,-0.871854544,0,0.871854544,0.489764661,0,0,0,1],"scale":1,"type":"utah2_rock_big_2_d_top"}
{"pos":[-71.7427521,186.117935,226.545715],"rotationMatrix":[0.784540176,0.620078027,0,-0.620078027,0.784540176,0,0,0,1],"scale":1,"type":"utah2_rock_big_2_d_top"}
{"pos":[-93.8777695,186.928085,226.663681],"rotationMatrix":[0.920343697,-0.391110599,0,0.391110599,0.920343697,0,0,0,1],"scale":1,"type":"utah2_rock_big_2_d_top"}
{"pos":[-99.8306427,186.74971,227.070038],"rotationMatrix":[-0.04376252,0.999041975,0,-0.999041975,-0.04376252,0,0,0,1],"scale":1,"type":"utah2_rock_big_2_d_top"}
{"pos":[-132.776169,197.43956,229.17363],"rotationMatrix":[0.913975954,0.405767679,0,-0.405767679,0.913975954,0,0,0,1],"scale":1,"type":"utah2_rock_big_2_d_top"}
{"pos":[-155.081909,211.445465,229.083282],"rotationMatrix":[-0.976305544,-0.21639666,0,0.21639666,-0.976305544,0,0,0,1],"scale":1,"type":"utah2_rock_big_2_d_top"}
{"pos":[-283.28479,269.52002,229.928864],"rotationMatrix":[-0.043228969,0.99906522,0,-0.99906522,-0.043228969,0,0,0,1],"scale":1,"type":"utah2_rock_big_2_d_top"}
{"pos":[-288.944458,239.84697,230.030701],"rotationMatrix":[0.166362688,-0.986062348,0,0.986062348,0.166362688,0,0,0,1],"scale":1,"type":"utah2_rock_big_2_d_top"}
{"pos":[-139.014099,201.609558,229.273697],"rotationMatrix":[0.357559115,-0.9338907,0,0.9338907,0.357559115,0,0,0,1],"scale":1,"type":"utah2_rock_big_2_d_top"}
{"pos":[-349.226257,79.9428024,229.576279],"rotationMatrix":[0.827333987,-0.561710238,0,0.561710238,0.827333987,0,0,0,1],"scale":1,"type":"utah2_rock_big_2_d_top"}
{"pos":[-369.592743,78.7238312,229.518448],"rotationMatrix":[-0.249168888,0.968460023,0,-0.968460023,-0.249168888,0,0,0,1],"scale":1,"type":"utah2_rock_big_2_d_top"}
{"pos":[-455.48996,94.6691055,229.218262],"rotationMatrix":[-0.15122582,-0.988499641,0,0.988499641,-0.15122582,0,0,0,1],"scale":1,"type":"utah2_rock_big_2_d_top"}
{"pos":[548.644348,-599.044983,135.217453],"rotationMatrix":[-0.552818358,-0.833301783,0,0.833301783,-0.552818358,0,0,0,1],"scale":1,"type":"utah2_rock_big_2_d_top"}
{"pos":[-509.940826,101.920937,229.834106],"rotationMatrix":[0.948780715,-0.315934986,0,0.315934986,0.948780715,0,0,0,1],"scale":1,"type":"utah2_rock_big_2_d_top"}
{"pos":[-488.81839,46.7986031,229.598816],"rotationMatrix":[-0.362202227,-0.932099521,0,0.932099521,-0.362202227,0,0,0,1],"scale":1,"type":"utah2_rock_big_2_d_top"}
{"pos":[-552.241577,-131.028168,229.196503],"rotationMatrix":[-0.307754278,0.951465845,0,-0.951465845,-0.307754278,0,0,0,1],"scale":1,"type":"utah2_rock_big_2_d_top"}
{"pos":[-539.1427,-126.981972,229.184464],"rotationMatrix":[-0.998303771,0.0582162812,0,-0.0582162812,-0.998303771,0,0,0,1],"scale":1,"type":"utah2_rock_big_2_d_top"}
{"pos":[-628.699829,-96.9357605,229.562485],"rotationMatrix":[0.398609489,-0.917120755,0,0.917120755,0.398609489,0,0,0,1],"scale":1,"type":"utah2_rock_big_2_d_top"}
{"pos":[-610.402832,-108.641235,231.495728],"rotationMatrix":[-0.998032868,-0.0626926646,0,0.0626926646,-0.998032868,0,0,0,1],"scale":0.650444031,"type":"utah2_rock_big_2_d_top"}
{"pos":[-618.418396,-111.500809,227.172623],"rotationMatrix":[0.467840672,0.883812845,0,-0.883812845,0.467840672,0,0,0,1],"scale":1,"type":"utah2_rock_big_2_d_top"}
{"pos":[-568.151489,-133.953171,229.044312],"rotationMatrix":[0.96095264,-0.236643836,0.143419594,0.259361863,0.950919032,-0.168772802,-0.0964413881,0.199380323,0.975164711],"scale":1,"type":"utah2_rock_big_2_d_top"}
{"pos":[-605.345459,-134.526154,230.264267],"rotationMatrix":[-0.996591508,0.0824932903,0,-0.0824932903,-0.996591508,0,0,0,1],"scale":1,"type":"utah2_rock_big_2_d_top"}
{"pos":[-642.279114,-238.959824,230.33786],"rotationMatrix":[0.978048563,-0.208377019,0,0.208377019,0.978048563,0,0,0,1],"scale":0.905794024,"type":"utah2_rock_big_2_d_top"}
{"pos":[-635.833496,-198.953094,230.127548],"rotationMatrix":[0.995959759,-0.0897986442,0,0.0897986442,0.995959759,0,0,0,1],"scale":1,"type":"utah2_rock_big_2_d_top"}
{"pos":[-634.6875,-214.570999,230.438492],"rotationMatrix":[-0.979479253,0.20154503,0,-0.20154503,-0.979479253,0,0,0,1],"scale":0.690730214,"type":"utah2_rock_big_2_d_top"}
{"pos":[-495.880768,-117.780815,228.69928],"rotationMatrix":[0.650322616,-0.759658098,0,0.759658098,0.650322616,0,0,0,1],"scale":1,"type":"utah2_rock_big_2_d_top"}
{"pos":[-495.029602,-114.790398,229.577332],"rotationMatrix":[-0.961057723,-0.276347756,0,0.276347756,-0.961057723,0,0,0,1],"scale":1,"type":"utah2_rock_big_2_d_top"}
{"pos":[-476.517883,100.215584,230.4543],"rotationMatrix":[-0.0162324794,0.999867857,0,-0.999867857,-0.0162324794,0,0,0,1],"scale":0.711405396,"type":"utah2_rock_big_2_d_top"}
{"pos":[-447.779449,89.2674789,230.43454],"rotationMatrix":[0.489978313,-0.871734619,0,0.871734619,0.489978313,0,0,0,1],"scale":1,"type":"utah2_rock_big_2_d_top"}
{"pos":[-90.2671967,484.767029,229.713821],"rotationMatrix":[0.898263872,0.439457029,0,-0.439457029,0.898263872,0,0,0,1],"scale":1,"type":"utah2_rock_big_2_d_top"}
{"pos":[-40.3180542,425.962677,230.890717],"rotationMatrix":[0.993624985,-0.112736039,0,0.112736039,0.993624985,0,0,0,1],"scale":1,"type":"utah2_rock_big_2_d_top"}
{"pos":[-27.2075825,411.81842,231.299622],"rotationMatrix":[0.511668444,0.859182954,0,-0.859182954,0.511668444,0,0,0,1],"scale":1,"type":"utah2_rock_big_2_d_top"}
{"pos":[-9.7888279,401.567108,233.407532],"rotationMatrix":[0.986777782,-0.162076548,0,0.162076548,0.986777782,0,0,0,1],"scale":1,"type":"utah2_rock_big_2_d_top"}
{"pos":[-429.463501,-42.3920555,229.736877],"rotationMatrix":[-0.450415254,0.892819941,0,-0.892819941,-0.450415254,0,0,0,1],"scale":1,"type":"utah2_rock_big_2_d_top"}
{"pos":[50.2818604,394.199799,228.416595],"rotationMatrix":[-0.931536853,0.363646895,0,-0.363646895,-0.931536853,0,0,0,1],"scale":1,"type":"utah2_rock_big_2_d_top"}
{"pos":[-49.6682014,431.101898,229.916626],"rotationMatrix":[-0.786933124,0.617037475,0,-0.617037475,-0.786933124,0,0,0,1],"scale":1,"type":"utah2_rock_big_2_d_top"}
{"pos":[-734.300598,-284.104004,227.09552],"rotationMatrix":[-0.285778075,0.958295822,0,-0.958295822,-0.285778075,0,0,0,1],"scale":0.820742071,"type":"utah2_rock_big_2_d_top"}
{"pos":[-731.470276,-288.280579,227.576416],"rotationMatrix":[0.8815099,0.472165525,0,-0.472165525,0.8815099,0,0,0,1],"scale":0.787101507,"type":"utah2_rock_big_2_d_top"}
{"pos":[-733.024719,-309.816345,226.838486],"rotationMatrix":[0.997358024,0.0726429597,0,-0.0726429597,0.997358024,0,0,0,1],"scale":1,"type":"utah2_rock_big_2_d_top"}
{"pos":[-729.410095,-294.398987,227.1819],"rotationMatrix":[-0.338198721,0.941074729,0,-0.941074729,-0.338198721,0,0,0,1],"scale":1,"type":"utah2_rock_big_2_d_top"}
{"pos":[-516.700623,97.9457855,231.585953],"rotationMatrix":[0.92591244,0.377738208,0,-0.377738208,0.92591244,0,0,0,1],"scale":1,"type":"utah2_rock_big_2_d_top"}
{"pos":[-512.724548,103.741302,231.537292],"rotationMatrix":[-0.988287389,0.152605832,0,-0.152605832,-0.988287389,0,0,0,1],"scale":1,"type":"utah2_rock_big_2_d_top"}
{"pos":[-664.681091,-143.701172,229.799728],"rotationMatrix":[-0.914961159,0.403541863,0,-0.403541863,-0.914961159,0,0,0,1],"scale":1,"type":"utah2_rock_big_2_d_top"}
{"pos":[-647.451721,-185.454666,230.35614],"rotationMatrix":[-0.982378304,0.186903223,0,-0.186903223,-0.982378304,0,0,0,1],"scale":1,"type":"utah2_rock_big_2_d_top"}
{"pos":[-433.22934,-106.102219,228.845352],"rotationMatrix":[-0.779214501,-0.626757324,0,0.626757324,-0.779214501,0,0,0,1],"scale":0.759265065,"type":"utah2_rock_big_2_d_top"}
{"pos":[-518.896545,-130.939285,228.754868],"rotationMatrix":[0.13268584,-0.991158128,0,0.991158128,0.13268584,0,0,0,1],"scale":1,"type":"utah2_rock_big_2_d_top"}
{"pos":[-521.403931,-131.612411,229.756073],"rotationMatrix":[-0.0804828852,-0.996756017,0,0.996756017,-0.0804828852,0,0,0,1],"scale":0.798519969,"type":"utah2_rock_big_2_d_top"}
{"pos":[-510.930176,-125.297974,228.588745],"rotationMatrix":[0.795909286,-0.60541594,0,0.60541594,0.795909286,0,0,0,1],"scale":0.815509617,"type":"utah2_rock_big_2_d_top"}
{"pos":[-473.252686,-118.34803,229.348633],"rotationMatrix":[0.216371641,0.976311266,0,-0.976311266,0.216371641,0,0,0,1],"scale":0.930453718,"type":"utah2_rock_big_2_d_top"}
{"pos":[-916.210632,-309.486053,248.575058],"rotationMatrix":[0.184769288,-0.982781947,0,0.982781947,0.184769288,0,0,0,1],"scale":0.708413005,"type":"utah2_rock_big_2_d_top"}
{"pos":[-909.367615,-309.089233,247.583282],"rotationMatrix":[0.99026978,0.139158443,0,-0.139158443,0.99026978,0,0,0,1],"scale":0.897676051,"type":"utah2_rock_big_2_d_top"}
{"pos":[-914.758606,-308.473114,247.350098],"rotationMatrix":[0.845009804,-0.534750819,0,0.534750819,0.845009804,0,0,0,1],"scale":0.906974673,"type":"utah2_rock_big_2_d_top"}
{"pos":[-911.726318,-307.018677,247.572281],"rotationMatrix":[-0.630015612,-0.776582479,0,0.776582479,-0.630015612,0,0,0,1],"scale":0.799614608,"type":"utah2_rock_big_2_d_top"}
{"pos":[139.691711,315.71582,229.535019],"rotationMatrix":[0.657577932,-0.753386497,0,0.753386497,0.657577932,0,0,0,1],"scale":0.863746881,"type":"utah2_rock_big_2_d_top"}
{"pos":[-28.9522667,220.15654,232.264389],"rotationMatrix":[0.083045058,-0.996545792,0,0.996545792,0.083045058,0,0,0,1],"scale":1,"type":"utah2_rock_big_2_d_top"}
{"pos":[-145.509964,207.794693,230.965942],"rotationMatrix":[0.982823074,0.184549078,0,-0.184549078,0.982823074,0,0,0,1],"scale":0.743665576,"type":"utah2_rock_big_2_d_top"}
{"pos":[-301.839111,124.352608,231.903198],"rotationMatrix":[-0.551874578,0.833927155,0,-0.833927155,-0.551874578,0,0,0,1],"scale":0.884578705,"type":"utah2_rock_big_2_d_top"}
{"pos":[-500.573242,60.5984039,230.505402],"rotationMatrix":[0.814798355,0.57974577,0,-0.57974577,0.814798355,0,0,0,1],"scale":0.565559149,"type":"utah2_rock_big_2_d_top"}
{"pos":[-488.513611,46.7329521,230.375397],"rotationMatrix":[-0.99759984,0.069244273,0,-0.069244273,-0.99759984,0,0,0,1],"scale":0.71143353,"type":"utah2_rock_big_2_d_top"}
{"pos":[-447.555573,19.1506615,231.305786],"rotationMatrix":[0.978349447,0.20695971,0,-0.20695971,0.978349447,0,0,0,1],"scale":1,"type":"utah2_rock_big_2_d_top"}
{"pos":[117.933029,350.662964,229.154419],"rotationMatrix":[-0.977107406,0.212746501,0,-0.212746501,-0.977107406,0,0,0,1],"scale":0.831038356,"type":"utah2_rock_big_2_d_top"}
{"pos":[-95.1340866,507.961426,229.090698],"rotationMatrix":[0.0266980901,0.999643683,0,-0.999643683,0.0266980901,0,0,0,1],"scale":0.744825721,"type":"utah2_rock_big_2_d_top"}
{"pos":[-93.7778473,499.102753,229.253052],"rotationMatrix":[-0.99496454,-0.100218229,0,0.100218229,-0.99496454,0,0,0,1],"scale":0.846366763,"type":"utah2_rock_big_2_d_top"}
{"pos":[-69.8949966,458.708984,230.026093],"rotationMatrix":[-0.678073943,0.733725131,-0.0431555808,-0.734409392,-0.678706229,0,-0.0292899609,0.0316938609,0.999068379],"scale":1,"type":"utah2_rock_big_2_d_top"}
{"pos":[-62.8955727,453.362183,229.342621],"rotationMatrix":[-0.932565868,-0.360999882,0,0.360999882,-0.932565868,0,0,0,1],"scale":1,"type":"utah2_rock_big_2_d_top"}
{"pos":[-71.3171997,461.370636,229.176407],"rotationMatrix":[-0.670785189,-0.741650879,0,0.740884185,-0.670091689,0.0454598032,-0.0337153003,0.0304937623,0.998966157],"scale":1,"type":"utah2_rock_big_2_d_top"}
{"pos":[928.257874,-178.891037,190.317856],"rotationMatrix":[-0.652155936,0.758084834,0,-0.758084834,-0.652155936,0,0,0,1],"scale":1,"type":"utah2_rock_big_2_d_top"}
{"pos":[926.663025,-165.648438,190.406586],"rotationMatrix":[-0.802383006,-0.596809447,0,0.596809447,-0.802383006,0,0,0,1],"scale":1,"type":"utah2_rock_big_2_d_top"}
{"pos":[925.18042,-151.000977,191.902512],"rotationMatrix":[-0.999266505,-0.0382893682,0,0.0382328853,-0.997792423,-0.0542966425,0.00207898417,-0.0542568117,0.998524845],"scale":1,"type":"utah2_rock_big_2_d_top"}
{"pos":[926.880859,-69.2041855,200.086899],"rotationMatrix":[0.676894248,0.736080289,0,-0.736080289,0.676894248,0,0,0,1],"scale":0.699949384,"type":"utah2_rock_big_2_d_top"}
{"pos":[920.633179,465.106689,218.730972],"rotationMatrix":[0.0915583298,0.99579972,0,-0.99579972,0.0915583298,0,0,0,1],"scale":0.838094115,"type":"utah2_rock_big_2_d_top"}
{"pos":[917.72406,463.043854,219.014236],"rotationMatrix":[0.0182058718,-0.999707222,0.0159384962,0.995930791,0.0167252589,-0.0885546431,0.0882621408,0.0174858551,0.995943785],"scale":0.759665132,"type":"utah2_rock_big_2_d_top"}
{"pos":[881.301086,234.520676,218.064026],"rotationMatrix":[0.608701587,-0.763097048,-0.217174351,0.780615091,0.624960899,-0.00803057943,0.141853601,-0.164641351,0.976099432],"scale":0.758283973,"type":"utah2_rock_big_2_d_top"}
{"pos":[891.433411,220.853821,216.734924],"rotationMatrix":[0.969797194,-0.243912712,0,0.243912712,0.969797194,0,0,0,1],"scale":1,"type":"utah2_rock_big_2_d_top"}
{"pos":[899.508057,210.877075,216.653992],"rotationMatrix":[-0.434896648,0.90048039,0,-0.90048039,-0.434896648,0,0,0,1],"scale":1,"type":"utah2_rock_big_2_d_top"}
{"pos":[878.123901,252.936691,220.754028],"rotationMatrix":[-0.980600417,-0.196017399,0,0.196017399,-0.980600417,0,0,0,1],"scale":1,"type":"utah2_rock_big_2_d_top"}
{"pos":[921.513489,-66.0249481,199.667847],"rotationMatrix":[-0.930139303,-0.367206454,0,0.363477498,-0.920693636,-0.142151594,0.0521989837,-0.13222079,0.98984468],"scale":0.761575222,"type":"utah2_rock_big_2_d_top"}
{"pos":[907.65686,546.387573,217.919846],"rotationMatrix":[0.941439331,0.337182403,0,-0.337182403,0.941439331,0,0,0,1],"scale":1,"type":"utah2_rock_big_2_d_top"}
{"pos":[913.202148,537.310486,218.815201],"rotationMatrix":[0.985013545,0.172477156,0,-0.172477156,0.985013545,0,0,0,1],"scale":1,"type":"utah2_rock_big_2_d_top"}
{"pos":[924.588562,119.99427,198.525146],"rotationMatrix":[-0.85507524,-0.518503904,0,0.518503904,-0.85507524,0,0,0,1],"scale":1,"type":"utah2_rock_big_2_d_top"}
{"pos":[920.026306,-195.509354,186.804245],"rotationMatrix":[0.159877464,-0.987136841,0,0.985525548,0.159616515,-0.0571141019,0.05637943,0.00913125742,0.998367727],"scale":1,"type":"utah2_rock_big_2_d_top"}
{"pos":[916.621277,443.505096,220.385452],"rotationMatrix":[0.198032901,-0.980195343,0,0.980195343,0.198032901,0,0,0,1],"scale":1,"type":"utah2_rock_big_2_d_top"}
{"pos":[919.836365,-161.712814,186.8508],"rotationMatrix":[-0.725513637,-0.665184319,-0.176521316,0.686703801,-0.7166574,-0.121818587,-0.0454734676,-0.209598899,0.976729214],"scale":0.859552562,"type":"utah2_rock_big_2_d_top"}
{"pos":[915.167236,-237.772141,182.432388],"rotationMatrix":[-0.468122303,-0.882436275,-0.0465585291,0.88145113,-0.470027775,0.0460187346,-0.0624924041,-0.0194966719,0.997854948],"scale":0.80009073,"type":"utah2_rock_big_2_d_top"}
{"pos":[234.417755,638.685425,186.349838],"rotationMatrix":[0.766823828,0.641857624,0,-0.641857624,0.766823828,0,0,0,1],"scale":1,"type":"utah2_rock_big_2_d_top"}
{"pos":[235.4263,642.012024,187.896484],"rotationMatrix":[0.870800853,0.491635859,0,-0.491635859,0.870800853,0,0,0,1],"scale":1,"type":"utah2_rock_big_2_d_top"}
{"pos":[234.037476,635.727844,184.83046],"rotationMatrix":[-0.955445647,-0.295166999,0,0.295166999,-0.955445647,0,0,0,1],"scale":1,"type":"utah2_rock_big_2_d_top"}
{"pos":[230.094559,632.416565,185.025284],"rotationMatrix":[-0.706432641,-0.707780302,0,0.707780302,-0.706432641,0,0,0,1],"scale":1,"type":"utah2_rock_big_2_d_top"}
{"pos":[746.678467,-219.179184,144.939026],"rotationMatrix":[0.909250736,-0.416248918,0,0.416248918,0.909250736,0,0,0,1],"scale":1,"type":"utah2_rock_big_2_d_top"}
{"pos":[644.219421,-229.973999,141.655182],"rotationMatrix":[0.412660927,-0.910884738,0,0.910884738,0.412660927,0,0,0,1],"scale":1,"type":"utah2_rock_big_2_d_top"}
{"pos":[-779.416687,-95.3308105,296.488159],"rotationMatrix":[-0.557140768,-0.830417752,0,0.830417752,-0.557140768,0,0,0,1],"scale":1,"type":"utah2_rock_big_2_d_top"}
{"pos":[-827.712708,-98.163887,295.746277],"rotationMatrix":[0.854720354,-0.519088864,0,0.519088864,0.854720354,0,0,0,1],"scale":1,"type":"utah2_rock_big_2_d_top"}
{"pos":[-592.222839,319.672943,298.725647],"rotationMatrix":[-0.634128332,0.773227751,0,-0.773227751,-0.634128332,0,0,0,1],"scale":1,"type":"utah2_rock_big_2_d_top"}
